                                                       ___  ____  ____  ____  ____(R)
                                                      /__    /   ____/   /   ____/   
                                                     ___/   /   /___/   /   /___/    
                                                       Statistics/Data analysis      
      
      2019
      
          Variable |        Obs        Mean    Std. dev.       Min        Max
      -------------+---------------------------------------------------------
           nsc_enr |      2,592    .5459105    .4979838          0          1
      nsc_enr_o~me |      2,592    .4116512    .4922276          0          1
      nsc_enr_4y~r |      2,592           0           0          0          0
      nsc_enr_2y~r |      2,592           0           0          0          0
      nsc_enr_lt~r |      2,592           0           0          0          0
      -------------+---------------------------------------------------------
      nsc_~e_4year |      2,592           0           0          0          0
      nsc_~e_2year |      2,592           0           0          0          0
      ns~e_lt2year |      2,592           0           0          0          0
       nsc_enr_pub |      2,592    .5185185    .4997534          0          1
      nsc_enr_priv |      2,592    .0420525    .2007476          0          1
      -------------+---------------------------------------------------------
      nsc_en~e_pub |      2,592    .3888889    .4875921          0          1
      nsc_e~e_priv |      2,592    .0277778    .1643673          0          1
      nsc_enr_4y~b |      2,592           0           0          0          0
      nsc_enr_4y~v |      2,592           0           0          0          0
      nsc_enr_2y~b |      2,592           0           0          0          0
      -------------+---------------------------------------------------------
      nsc_enr_2y~v |      2,592           0           0          0          0
      nsc_enr_lt~b |      2,592           0           0          0          0
      nsc_enr_lt~v |      2,592           0           0          0          0
      ~e_4year_pub |      2,592           0           0          0          0
      nsc_enr_on.. |      2,592           0           0          0          0
      -------------+---------------------------------------------------------
      ~e_2year_pub |      2,592           0           0          0          0
      nsc_enr_on.. |      2,592           0           0          0          0
      nsc_enr_on.. |      2,592           0           0          0          0
      nsc_enr_on.. |      2,592           0           0          0          0
      nsc_enr_in~e |      2,592    .5084877    .5000244          0          1
      -------------+---------------------------------------------------------
      nsc_enr_ou~e |      2,592    .0582562    .2342724          0          1
      ns~e_instate |      2,592    .3703704    .4829971          0          1
      n~e_outstate |      2,592    .0459105    .2093314          0          1
      nsc_enr_4y.. |      2,592           0           0          0          0
      nsc_enr_4y.. |      2,592           0           0          0          0
      -------------+---------------------------------------------------------
      nsc_enr_2y.. |      2,592           0           0          0          0
      nsc_enr_2y.. |      2,592           0           0          0          0
      nsc_enr_lt.. |      2,592           0           0          0          0
      nsc_enr_lt.. |      2,592           0           0          0          0
      nsc_enr_on.. |      2,592           0           0          0          0
      -------------+---------------------------------------------------------
      nsc_enr_on.. |      2,592           0           0          0          0
      nsc_enr_on.. |      2,592           0           0          0          0
      nsc_enr_on.. |      2,592           0           0          0          0
      nsc_enr_on.. |      2,592           0           0          0          0
      nsc_enr_on.. |      2,592           0           0          0          0
      -------------+---------------------------------------------------------
        nsc_enr_uc |      2,592    .0177469    .1320556          0          1
      nsc_enr_uc~s |      2,592    .0185185    .1348429          0          1
      nsc_enr_on~c |      2,592    .0158179    .1247946          0          1
      nsc_enr_on~s |      2,592    .0165895    .1277521          0          1
      nsc_persis~2 |      2,592    .3051698    .4605681          0          1
      -------------+---------------------------------------------------------
      nsc_~2_4year |      2,592           0           0          0          0
      nsc_pe~2year |      2,592           0           0          0          0
      nsc_persis~3 |      2,592           0           0          0          0
      nsc_~3_4year |      2,592           0           0          0          0
      nsc_persis~4 |      2,592           0           0          0          0
      -------------+---------------------------------------------------------
      nsc_~4_4year |      2,592           0           0          0          0
           nsc_deg |      2,592    .0111883    .1052015          0          1
      nsc_deg_4y~r |      2,592           0           0          0          0
      nsc_deg_2y~r |      2,592           0           0          0          0
      nsc_deg_lt~r |      2,592           0           0          0          0
      -------------+---------------------------------------------------------
      nsc_~n_4year |      2,592           0           0          0          0
      nsc_~n_2year |      2,592           0           0          0          0
      ns~n_lt2year |      2,592           0           0          0          0
      2018
      
          Variable |        Obs        Mean    Std. dev.       Min        Max
      -------------+---------------------------------------------------------
           nsc_enr |    381,348    .7392067    .4390679          0          1
      nsc_enr_o~me |    381,348    .7112113    .4532001          0          1
      nsc_enr_4y~r |    381,348           0           0          0          0
      nsc_enr_2y~r |    381,348           0           0          0          0
      nsc_enr_lt~r |    381,348           0           0          0          0
      -------------+---------------------------------------------------------
      nsc_~e_4year |    381,348           0           0          0          0
      nsc_~e_2year |    381,348           0           0          0          0
      ns~e_lt2year |    381,348           0           0          0          0
       nsc_enr_pub |    381,348    .6846738    .4646463          0          1
      nsc_enr_priv |    381,348    .0750312     .263442          0          1
      -------------+---------------------------------------------------------
      nsc_en~e_pub |    381,348    .6498526    .4770165          0          1
      nsc_e~e_priv |    381,348    .0659739    .2482367          0          1
      nsc_enr_4y~b |    381,348           0           0          0          0
      nsc_enr_4y~v |    381,348           0           0          0          0
      nsc_enr_2y~b |    381,348           0           0          0          0
      -------------+---------------------------------------------------------
      nsc_enr_2y~v |    381,348           0           0          0          0
      nsc_enr_lt~b |    381,348           0           0          0          0
      nsc_enr_lt~v |    381,348           0           0          0          0
      ~e_4year_pub |    381,348           0           0          0          0
      nsc_enr_on.. |    381,348           0           0          0          0
      -------------+---------------------------------------------------------
      ~e_2year_pub |    381,348           0           0          0          0
      nsc_enr_on.. |    381,348           0           0          0          0
      nsc_enr_on.. |    381,348           0           0          0          0
      nsc_enr_on.. |    381,348           0           0          0          0
      nsc_enr_in~e |    381,348    .6726559    .4692446          0          1
      -------------+---------------------------------------------------------
      nsc_enr_ou~e |    381,348    .0850588    .2789695          0          1
      ns~e_instate |    381,348    .6393242    .4801972          0          1
      n~e_outstate |    381,348    .0763345    .2655329          0          1
      nsc_enr_4y.. |    381,348           0           0          0          0
      nsc_enr_4y.. |    381,348           0           0          0          0
      -------------+---------------------------------------------------------
      nsc_enr_2y.. |    381,348           0           0          0          0
      nsc_enr_2y.. |    381,348           0           0          0          0
      nsc_enr_lt.. |    381,348           0           0          0          0
      nsc_enr_lt.. |    381,348           0           0          0          0
      nsc_enr_on.. |    381,348           0           0          0          0
      -------------+---------------------------------------------------------
      nsc_enr_on.. |    381,348           0           0          0          0
      nsc_enr_on.. |    381,348           0           0          0          0
      nsc_enr_on.. |    381,348           0           0          0          0
      nsc_enr_on.. |    381,348           0           0          0          0
      nsc_enr_on.. |    381,348           0           0          0          0
      -------------+---------------------------------------------------------
        nsc_enr_uc |    381,348    .0833727    .2764451          0          1
      nsc_enr_uc~s |    381,348    .0876706    .2828156          0          1
      nsc_enr_on~c |    381,348    .0816315    .2738028          0          1
      nsc_enr_on~s |    381,348    .0849591    .2788213          0          1
      nsc_persis~2 |    381,348    .5198611     .499606          0          1
      -------------+---------------------------------------------------------
      nsc_~2_4year |    381,348           0           0          0          0
      nsc_pe~2year |    381,348           0           0          0          0
      nsc_persis~3 |    381,348    .0000341    .0058385          0          1
      nsc_~3_4year |    381,348           0           0          0          0
      nsc_persis~4 |    381,348    2.62e-06    .0016193          0          1
      -------------+---------------------------------------------------------
      nsc_~4_4year |    381,348           0           0          0          0
           nsc_deg |    381,348    .0063538     .079457          0          1
      nsc_deg_4y~r |    381,348           0           0          0          0
      nsc_deg_2y~r |    381,348           0           0          0          0
      nsc_deg_lt~r |    381,348           0           0          0          0
      -------------+---------------------------------------------------------
      nsc_~n_4year |    381,348           0           0          0          0
      nsc_~n_2year |    381,348           0           0          0          0
      ns~n_lt2year |    381,348           0           0          0          0
      2017
      
          Variable |        Obs        Mean    Std. dev.       Min        Max
      -------------+---------------------------------------------------------
           nsc_enr |      8,059    .2979278     .457376          0          1
      nsc_enr_o~me |      8,059    .0120362    .1090543          0          1
      nsc_enr_4y~r |      8,059           0           0          0          0
      nsc_enr_2y~r |      8,059           0           0          0          0
      nsc_enr_lt~r |      8,059           0           0          0          0
      -------------+---------------------------------------------------------
      nsc_~e_4year |      8,059           0           0          0          0
      nsc_~e_2year |      8,059           0           0          0          0
      ns~e_lt2year |      8,059           0           0          0          0
       nsc_enr_pub |      8,059    .2783224    .4482008          0          1
      nsc_enr_priv |      8,059    .0239484    .1528979          0          1
      -------------+---------------------------------------------------------
      nsc_en~e_pub |      8,059    .0083137    .0908052          0          1
      nsc_e~e_priv |      8,059    .0037225    .0609028          0          1
      nsc_enr_4y~b |      8,059           0           0          0          0
      nsc_enr_4y~v |      8,059           0           0          0          0
      nsc_enr_2y~b |      8,059           0           0          0          0
      -------------+---------------------------------------------------------
      nsc_enr_2y~v |      8,059           0           0          0          0
      nsc_enr_lt~b |      8,059           0           0          0          0
      nsc_enr_lt~v |      8,059           0           0          0          0
      ~e_4year_pub |      8,059           0           0          0          0
      nsc_enr_on.. |      8,059           0           0          0          0
      -------------+---------------------------------------------------------
      ~e_2year_pub |      8,059           0           0          0          0
      nsc_enr_on.. |      8,059           0           0          0          0
      nsc_enr_on.. |      8,059           0           0          0          0
      nsc_enr_on.. |      8,059           0           0          0          0
      nsc_enr_in~e |      8,059    .2786946    .4483847          0          1
      -------------+---------------------------------------------------------
      nsc_enr_ou~e |      8,059    .0220871     .146976          0          1
      ns~e_instate |      8,059    .0114158    .1062398          0          1
      n~e_outstate |      8,059    .0006204    .0249021          0          1
      nsc_enr_4y.. |      8,059           0           0          0          0
      nsc_enr_4y.. |      8,059           0           0          0          0
      -------------+---------------------------------------------------------
      nsc_enr_2y.. |      8,059           0           0          0          0
      nsc_enr_2y.. |      8,059           0           0          0          0
      nsc_enr_lt.. |      8,059           0           0          0          0
      nsc_enr_lt.. |      8,059           0           0          0          0
      nsc_enr_on.. |      8,059           0           0          0          0
      -------------+---------------------------------------------------------
      nsc_enr_on.. |      8,059           0           0          0          0
      nsc_enr_on.. |      8,059           0           0          0          0
      nsc_enr_on.. |      8,059           0           0          0          0
      nsc_enr_on.. |      8,059           0           0          0          0
      nsc_enr_on.. |      8,059           0           0          0          0
      -------------+---------------------------------------------------------
        nsc_enr_uc |      8,059    .0022335    .0472103          0          1
      nsc_enr_uc~s |      8,059    .0022335    .0472103          0          1
      nsc_enr_on~c |      8,059           0           0          0          0
      nsc_enr_on~s |      8,059           0           0          0          0
      nsc_persis~2 |      8,059    .1099392    .3128334          0          1
      -------------+---------------------------------------------------------
      nsc_~2_4year |      8,059           0           0          0          0
      nsc_pe~2year |      8,059           0           0          0          0
      nsc_persis~3 |      8,059    .0026058    .0509835          0          1
      nsc_~3_4year |      8,059           0           0          0          0
      nsc_persis~4 |      8,059           0           0          0          0
      -------------+---------------------------------------------------------
      nsc_~4_4year |      8,059           0           0          0          0
           nsc_deg |      8,059    .0074451    .0859685          0          1
      nsc_deg_4y~r |      8,059           0           0          0          0
      nsc_deg_2y~r |      8,059           0           0          0          0
      nsc_deg_lt~r |      8,059           0           0          0          0
      -------------+---------------------------------------------------------
      nsc_~n_4year |      8,059           0           0          0          0
      nsc_~n_2year |      8,059           0           0          0          0
      ns~n_lt2year |      8,059           0           0          0          0
      2016
      
          Variable |        Obs        Mean    Std. dev.       Min        Max
      -------------+---------------------------------------------------------
           nsc_enr |      1,879    .2336349    .4232552          0          1
      nsc_enr_o~me |      1,879     .002661    .0515298          0          1
      nsc_enr_4y~r |      1,879           0           0          0          0
      nsc_enr_2y~r |      1,879           0           0          0          0
      nsc_enr_lt~r |      1,879           0           0          0          0
      -------------+---------------------------------------------------------
      nsc_~e_4year |      1,879           0           0          0          0
      nsc_~e_2year |      1,879           0           0          0          0
      ns~e_lt2year |      1,879           0           0          0          0
       nsc_enr_pub |      1,879    .2128792    .4094519          0          1
      nsc_enr_priv |      1,879    .0250133     .156207          0          1
      -------------+---------------------------------------------------------
      nsc_en~e_pub |      1,879    .0021288     .046102          0          1
      nsc_e~e_priv |      1,879    .0010644    .0326164          0          1
      nsc_enr_4y~b |      1,879           0           0          0          0
      nsc_enr_4y~v |      1,879           0           0          0          0
      nsc_enr_2y~b |      1,879           0           0          0          0
      -------------+---------------------------------------------------------
      nsc_enr_2y~v |      1,879           0           0          0          0
      nsc_enr_lt~b |      1,879           0           0          0          0
      nsc_enr_lt~v |      1,879           0           0          0          0
      ~e_4year_pub |      1,879           0           0          0          0
      nsc_enr_on.. |      1,879           0           0          0          0
      -------------+---------------------------------------------------------
      ~e_2year_pub |      1,879           0           0          0          0
      nsc_enr_on.. |      1,879           0           0          0          0
      nsc_enr_on.. |      1,879           0           0          0          0
      nsc_enr_on.. |      1,879           0           0          0          0
      nsc_enr_in~e |      1,879    .2128792    .4094519          0          1
      -------------+---------------------------------------------------------
      nsc_enr_ou~e |      1,879    .0228845    .1495751          0          1
      ns~e_instate |      1,879     .002661    .0515298          0          1
      n~e_outstate |      1,879           0           0          0          0
      nsc_enr_4y.. |      1,879           0           0          0          0
      nsc_enr_4y.. |      1,879           0           0          0          0
      -------------+---------------------------------------------------------
      nsc_enr_2y.. |      1,879           0           0          0          0
      nsc_enr_2y.. |      1,879           0           0          0          0
      nsc_enr_lt.. |      1,879           0           0          0          0
      nsc_enr_lt.. |      1,879           0           0          0          0
      nsc_enr_on.. |      1,879           0           0          0          0
      -------------+---------------------------------------------------------
      nsc_enr_on.. |      1,879           0           0          0          0
      nsc_enr_on.. |      1,879           0           0          0          0
      nsc_enr_on.. |      1,879           0           0          0          0
      nsc_enr_on.. |      1,879           0           0          0          0
      nsc_enr_on.. |      1,879           0           0          0          0
      -------------+---------------------------------------------------------
        nsc_enr_uc |      1,879    .0015966    .0399361          0          1
      nsc_enr_uc~s |      1,879    .0015966    .0399361          0          1
      nsc_enr_on~c |      1,879           0           0          0          0
      nsc_enr_on~s |      1,879           0           0          0          0
      nsc_persis~2 |      1,879    .0792975    .2702745          0          1
      -------------+---------------------------------------------------------
      nsc_~2_4year |      1,879           0           0          0          0
      nsc_pe~2year |      1,879           0           0          0          0
      nsc_persis~3 |      1,879    .0010644    .0326164          0          1
      nsc_~3_4year |      1,879           0           0          0          0
      nsc_persis~4 |      1,879           0           0          0          0
      -------------+---------------------------------------------------------
      nsc_~4_4year |      1,879           0           0          0          0
           nsc_deg |      1,879    .0117084    .1075985          0          1
      nsc_deg_4y~r |      1,879           0           0          0          0
      nsc_deg_2y~r |      1,879           0           0          0          0
      nsc_deg_lt~r |      1,879           0           0          0          0
      -------------+---------------------------------------------------------
      nsc_~n_4year |      1,879           0           0          0          0
      nsc_~n_2year |      1,879           0           0          0          0
      ns~n_lt2year |      1,879           0           0          0          0
      2015
      
          Variable |        Obs        Mean    Std. dev.       Min        Max
      -------------+---------------------------------------------------------
           nsc_enr |        601    .1980033    .3988266          0          1
      nsc_enr_o~me |        601           0           0          0          0
      nsc_enr_4y~r |        601           0           0          0          0
      nsc_enr_2y~r |        601           0           0          0          0
      nsc_enr_lt~r |        601           0           0          0          0
      -------------+---------------------------------------------------------
      nsc_~e_4year |        601           0           0          0          0
      nsc_~e_2year |        601           0           0          0          0
      ns~e_lt2year |        601           0           0          0          0
       nsc_enr_pub |        601    .1813644    .3856408          0          1
      nsc_enr_priv |        601    .0199667    .1400024          0          1
      -------------+---------------------------------------------------------
      nsc_en~e_pub |        601           0           0          0          0
      nsc_e~e_priv |        601           0           0          0          0
      nsc_enr_4y~b |        601           0           0          0          0
      nsc_enr_4y~v |        601           0           0          0          0
      nsc_enr_2y~b |        601           0           0          0          0
      -------------+---------------------------------------------------------
      nsc_enr_2y~v |        601           0           0          0          0
      nsc_enr_lt~b |        601           0           0          0          0
      nsc_enr_lt~v |        601           0           0          0          0
      ~e_4year_pub |        601           0           0          0          0
      nsc_enr_on.. |        601           0           0          0          0
      -------------+---------------------------------------------------------
      ~e_2year_pub |        601           0           0          0          0
      nsc_enr_on.. |        601           0           0          0          0
      nsc_enr_on.. |        601           0           0          0          0
      nsc_enr_on.. |        601           0           0          0          0
      nsc_enr_in~e |        601    .1896839    .3923775          0          1
      -------------+---------------------------------------------------------
      nsc_enr_ou~e |        601    .0116473    .1073815          0          1
      ns~e_instate |        601           0           0          0          0
      n~e_outstate |        601           0           0          0          0
      nsc_enr_4y.. |        601           0           0          0          0
      nsc_enr_4y.. |        601           0           0          0          0
      -------------+---------------------------------------------------------
      nsc_enr_2y.. |        601           0           0          0          0
      nsc_enr_2y.. |        601           0           0          0          0
      nsc_enr_lt.. |        601           0           0          0          0
      nsc_enr_lt.. |        601           0           0          0          0
      nsc_enr_on.. |        601           0           0          0          0
      -------------+---------------------------------------------------------
      nsc_enr_on.. |        601           0           0          0          0
      nsc_enr_on.. |        601           0           0          0          0
      nsc_enr_on.. |        601           0           0          0          0
      nsc_enr_on.. |        601           0           0          0          0
      nsc_enr_on.. |        601           0           0          0          0
      -------------+---------------------------------------------------------
        nsc_enr_uc |        601           0           0          0          0
      nsc_enr_uc~s |        601           0           0          0          0
      nsc_enr_on~c |        601           0           0          0          0
      nsc_enr_on~s |        601           0           0          0          0
      nsc_persis~2 |        601    .0482529    .2144787          0          1
      -------------+---------------------------------------------------------
      nsc_~2_4year |        601           0           0          0          0
      nsc_pe~2year |        601           0           0          0          0
      nsc_persis~3 |        601    .0016639    .0407909          0          1
      nsc_~3_4year |        601           0           0          0          0
      nsc_persis~4 |        601           0           0          0          0
      -------------+---------------------------------------------------------
      nsc_~4_4year |        601           0           0          0          0
           nsc_deg |        601    .0066556    .0813775          0          1
      nsc_deg_4y~r |        601           0           0          0          0
      nsc_deg_2y~r |        601           0           0          0          0
      nsc_deg_lt~r |        601           0           0          0          0
      -------------+---------------------------------------------------------
      nsc_~n_4year |        601           0           0          0          0
      nsc_~n_2year |        601           0           0          0          0
      ns~n_lt2year |        601           0           0          0          0
      2014
      
          Variable |        Obs        Mean    Std. dev.       Min        Max
      -------------+---------------------------------------------------------
           nsc_enr |          0
      nsc_enr_o~me |          0
      nsc_enr_4y~r |          0
      nsc_enr_2y~r |          0
      nsc_enr_lt~r |          0
      -------------+---------------------------------------------------------
      nsc_~e_4year |          0
      nsc_~e_2year |          0
      ns~e_lt2year |          0
       nsc_enr_pub |          0
      nsc_enr_priv |          0
      -------------+---------------------------------------------------------
      nsc_en~e_pub |          0
      nsc_e~e_priv |          0
      nsc_enr_4y~b |          0
      nsc_enr_4y~v |          0
      nsc_enr_2y~b |          0
      -------------+---------------------------------------------------------
      nsc_enr_2y~v |          0
      nsc_enr_lt~b |          0
      nsc_enr_lt~v |          0
      ~e_4year_pub |          0
      nsc_enr_on.. |          0
      -------------+---------------------------------------------------------
      ~e_2year_pub |          0
      nsc_enr_on.. |          0
      nsc_enr_on.. |          0
      nsc_enr_on.. |          0
      nsc_enr_in~e |          0
      -------------+---------------------------------------------------------
      nsc_enr_ou~e |          0
      ns~e_instate |          0
      n~e_outstate |          0
      nsc_enr_4y.. |          0
      nsc_enr_4y.. |          0
      -------------+---------------------------------------------------------
      nsc_enr_2y.. |          0
      nsc_enr_2y.. |          0
      nsc_enr_lt.. |          0
      nsc_enr_lt.. |          0
      nsc_enr_on.. |          0
      -------------+---------------------------------------------------------
      nsc_enr_on.. |          0
      nsc_enr_on.. |          0
      nsc_enr_on.. |          0
      nsc_enr_on.. |          0
      nsc_enr_on.. |          0
      -------------+---------------------------------------------------------
        nsc_enr_uc |          0
      nsc_enr_uc~s |          0
      nsc_enr_on~c |          0
      nsc_enr_on~s |          0
      nsc_persis~2 |          0
      -------------+---------------------------------------------------------
      nsc_~2_4year |          0
      nsc_pe~2year |          0
      nsc_persis~3 |          0
      nsc_~3_4year |          0
      nsc_persis~4 |          0
      -------------+---------------------------------------------------------
      nsc_~4_4year |          0
           nsc_deg |          0
      nsc_deg_4y~r |          0
      nsc_deg_2y~r |          0
      nsc_deg_lt~r |          0
      -------------+---------------------------------------------------------
      nsc_~n_4year |          0
      nsc_~n_2year |          0
      ns~n_lt2year |          0
      2013
      
          Variable |        Obs        Mean    Std. dev.       Min        Max
      -------------+---------------------------------------------------------
           nsc_enr |        183    .1639344    .3712317          0          1
      nsc_enr_o~me |        183           0           0          0          0
      nsc_enr_4y~r |        183           0           0          0          0
      nsc_enr_2y~r |        183           0           0          0          0
      nsc_enr_lt~r |        183           0           0          0          0
      -------------+---------------------------------------------------------
      nsc_~e_4year |        183           0           0          0          0
      nsc_~e_2year |        183           0           0          0          0
      ns~e_lt2year |        183           0           0          0          0
       nsc_enr_pub |        183     .136612    .3443795          0          1
      nsc_enr_priv |        183    .0273224    .1634684          0          1
      -------------+---------------------------------------------------------
      nsc_en~e_pub |        183           0           0          0          0
      nsc_e~e_priv |        183           0           0          0          0
      nsc_enr_4y~b |        183           0           0          0          0
      nsc_enr_4y~v |        183           0           0          0          0
      nsc_enr_2y~b |        183           0           0          0          0
      -------------+---------------------------------------------------------
      nsc_enr_2y~v |        183           0           0          0          0
      nsc_enr_lt~b |        183           0           0          0          0
      nsc_enr_lt~v |        183           0           0          0          0
      ~e_4year_pub |        183           0           0          0          0
      nsc_enr_on.. |        183           0           0          0          0
      -------------+---------------------------------------------------------
      ~e_2year_pub |        183           0           0          0          0
      nsc_enr_on.. |        183           0           0          0          0
      nsc_enr_on.. |        183           0           0          0          0
      nsc_enr_on.. |        183           0           0          0          0
      nsc_enr_in~e |        183    .1584699     .366183          0          1
      -------------+---------------------------------------------------------
      nsc_enr_ou~e |        183    .0054645    .0739221          0          1
      ns~e_instate |        183           0           0          0          0
      n~e_outstate |        183           0           0          0          0
      nsc_enr_4y.. |        183           0           0          0          0
      nsc_enr_4y.. |        183           0           0          0          0
      -------------+---------------------------------------------------------
      nsc_enr_2y.. |        183           0           0          0          0
      nsc_enr_2y.. |        183           0           0          0          0
      nsc_enr_lt.. |        183           0           0          0          0
      nsc_enr_lt.. |        183           0           0          0          0
      nsc_enr_on.. |        183           0           0          0          0
      -------------+---------------------------------------------------------
      nsc_enr_on.. |        183           0           0          0          0
      nsc_enr_on.. |        183           0           0          0          0
      nsc_enr_on.. |        183           0           0          0          0
      nsc_enr_on.. |        183           0           0          0          0
      nsc_enr_on.. |        183           0           0          0          0
      -------------+---------------------------------------------------------
        nsc_enr_uc |        183    .0054645    .0739221          0          1
      nsc_enr_uc~s |        183    .0054645    .0739221          0          1
      nsc_enr_on~c |        183           0           0          0          0
      nsc_enr_on~s |        183           0           0          0          0
      nsc_persis~2 |        183    .0218579    .1466207          0          1
      -------------+---------------------------------------------------------
      nsc_~2_4year |        183           0           0          0          0
      nsc_pe~2year |        183           0           0          0          0
      nsc_persis~3 |        183           0           0          0          0
      nsc_~3_4year |        183           0           0          0          0
      nsc_persis~4 |        183           0           0          0          0
      -------------+---------------------------------------------------------
      nsc_~4_4year |        183           0           0          0          0
           nsc_deg |        183     .010929    .1042541          0          1
      nsc_deg_4y~r |        183           0           0          0          0
      nsc_deg_2y~r |        183           0           0          0          0
      nsc_deg_lt~r |        183           0           0          0          0
      -------------+---------------------------------------------------------
      nsc_~n_4year |        183           0           0          0          0
      nsc_~n_2year |        183           0           0          0          0
      ns~n_lt2year |        183           0           0          0          0
      2012
      
          Variable |        Obs        Mean    Std. dev.       Min        Max
      -------------+---------------------------------------------------------
           nsc_enr |        102    .2058824    .4063417          0          1
      nsc_enr_o~me |        102           0           0          0          0
      nsc_enr_4y~r |        102           0           0          0          0
      nsc_enr_2y~r |        102           0           0          0          0
      nsc_enr_lt~r |        102           0           0          0          0
      -------------+---------------------------------------------------------
      nsc_~e_4year |        102           0           0          0          0
      nsc_~e_2year |        102           0           0          0          0
      ns~e_lt2year |        102           0           0          0          0
       nsc_enr_pub |        102    .1568627    .3654672          0          1
      nsc_enr_priv |        102    .0490196    .2169752          0          1
      -------------+---------------------------------------------------------
      nsc_en~e_pub |        102           0           0          0          0
      nsc_e~e_priv |        102           0           0          0          0
      nsc_enr_4y~b |        102           0           0          0          0
      nsc_enr_4y~v |        102           0           0          0          0
      nsc_enr_2y~b |        102           0           0          0          0
      -------------+---------------------------------------------------------
      nsc_enr_2y~v |        102           0           0          0          0
      nsc_enr_lt~b |        102           0           0          0          0
      nsc_enr_lt~v |        102           0           0          0          0
      ~e_4year_pub |        102           0           0          0          0
      nsc_enr_on.. |        102           0           0          0          0
      -------------+---------------------------------------------------------
      ~e_2year_pub |        102           0           0          0          0
      nsc_enr_on.. |        102           0           0          0          0
      nsc_enr_on.. |        102           0           0          0          0
      nsc_enr_on.. |        102           0           0          0          0
      nsc_enr_in~e |        102    .1862745    .3912507          0          1
      -------------+---------------------------------------------------------
      nsc_enr_ou~e |        102    .0196078    .1393331          0          1
      ns~e_instate |        102           0           0          0          0
      n~e_outstate |        102           0           0          0          0
      nsc_enr_4y.. |        102           0           0          0          0
      nsc_enr_4y.. |        102           0           0          0          0
      -------------+---------------------------------------------------------
      nsc_enr_2y.. |        102           0           0          0          0
      nsc_enr_2y.. |        102           0           0          0          0
      nsc_enr_lt.. |        102           0           0          0          0
      nsc_enr_lt.. |        102           0           0          0          0
      nsc_enr_on.. |        102           0           0          0          0
      -------------+---------------------------------------------------------
      nsc_enr_on.. |        102           0           0          0          0
      nsc_enr_on.. |        102           0           0          0          0
      nsc_enr_on.. |        102           0           0          0          0
      nsc_enr_on.. |        102           0           0          0          0
      nsc_enr_on.. |        102           0           0          0          0
      -------------+---------------------------------------------------------
        nsc_enr_uc |        102           0           0          0          0
      nsc_enr_uc~s |        102           0           0          0          0
      nsc_enr_on~c |        102           0           0          0          0
      nsc_enr_on~s |        102           0           0          0          0
      nsc_persis~2 |        102    .0784314    .2701769          0          1
      -------------+---------------------------------------------------------
      nsc_~2_4year |        102           0           0          0          0
      nsc_pe~2year |        102           0           0          0          0
      nsc_persis~3 |        102           0           0          0          0
      nsc_~3_4year |        102           0           0          0          0
      nsc_persis~4 |        102           0           0          0          0
      -------------+---------------------------------------------------------
      nsc_~4_4year |        102           0           0          0          0
           nsc_deg |        102    .0098039    .0990148          0          1
      nsc_deg_4y~r |        102           0           0          0          0
      nsc_deg_2y~r |        102           0           0          0          0
      nsc_deg_lt~r |        102           0           0          0          0
      -------------+---------------------------------------------------------
      nsc_~n_4year |        102           0           0          0          0
      nsc_~n_2year |        102           0           0          0          0
      ns~n_lt2year |        102           0           0          0          0
      2011
      
          Variable |        Obs        Mean    Std. dev.       Min        Max
      -------------+---------------------------------------------------------
           nsc_enr |         74    .1891892    .3943323          0          1
      nsc_enr_o~me |         74           0           0          0          0
      nsc_enr_4y~r |         74           0           0          0          0
      nsc_enr_2y~r |         74           0           0          0          0
      nsc_enr_lt~r |         74           0           0          0          0
      -------------+---------------------------------------------------------
      nsc_~e_4year |         74           0           0          0          0
      nsc_~e_2year |         74           0           0          0          0
      ns~e_lt2year |         74           0           0          0          0
       nsc_enr_pub |         74    .1621622    .3711156          0          1
      nsc_enr_priv |         74    .0405405    .1985695          0          1
      -------------+---------------------------------------------------------
      nsc_en~e_pub |         74           0           0          0          0
      nsc_e~e_priv |         74           0           0          0          0
      nsc_enr_4y~b |         74           0           0          0          0
      nsc_enr_4y~v |         74           0           0          0          0
      nsc_enr_2y~b |         74           0           0          0          0
      -------------+---------------------------------------------------------
      nsc_enr_2y~v |         74           0           0          0          0
      nsc_enr_lt~b |         74           0           0          0          0
      nsc_enr_lt~v |         74           0           0          0          0
      ~e_4year_pub |         74           0           0          0          0
      nsc_enr_on.. |         74           0           0          0          0
      -------------+---------------------------------------------------------
      ~e_2year_pub |         74           0           0          0          0
      nsc_enr_on.. |         74           0           0          0          0
      nsc_enr_on.. |         74           0           0          0          0
      nsc_enr_on.. |         74           0           0          0          0
      nsc_enr_in~e |         74    .1621622    .3711156          0          1
      -------------+---------------------------------------------------------
      nsc_enr_ou~e |         74     .027027    .1632691          0          1
      ns~e_instate |         74           0           0          0          0
      n~e_outstate |         74           0           0          0          0
      nsc_enr_4y.. |         74           0           0          0          0
      nsc_enr_4y.. |         74           0           0          0          0
      -------------+---------------------------------------------------------
      nsc_enr_2y.. |         74           0           0          0          0
      nsc_enr_2y.. |         74           0           0          0          0
      nsc_enr_lt.. |         74           0           0          0          0
      nsc_enr_lt.. |         74           0           0          0          0
      nsc_enr_on.. |         74           0           0          0          0
      -------------+---------------------------------------------------------
      nsc_enr_on.. |         74           0           0          0          0
      nsc_enr_on.. |         74           0           0          0          0
      nsc_enr_on.. |         74           0           0          0          0
      nsc_enr_on.. |         74           0           0          0          0
      nsc_enr_on.. |         74           0           0          0          0
      -------------+---------------------------------------------------------
        nsc_enr_uc |         74           0           0          0          0
      nsc_enr_uc~s |         74           0           0          0          0
      nsc_enr_on~c |         74           0           0          0          0
      nsc_enr_on~s |         74           0           0          0          0
      nsc_persis~2 |         74    .0540541    .2276679          0          1
      -------------+---------------------------------------------------------
      nsc_~2_4year |         74           0           0          0          0
      nsc_pe~2year |         74           0           0          0          0
      nsc_persis~3 |         74           0           0          0          0
      nsc_~3_4year |         74           0           0          0          0
      nsc_persis~4 |         74           0           0          0          0
      -------------+---------------------------------------------------------
      nsc_~4_4year |         74           0           0          0          0
           nsc_deg |         74    .0135135    .1162476          0          1
      nsc_deg_4y~r |         74           0           0          0          0
      nsc_deg_2y~r |         74           0           0          0          0
      nsc_deg_lt~r |         74           0           0          0          0
      -------------+---------------------------------------------------------
      nsc_~n_4year |         74           0           0          0          0
      nsc_~n_2year |         74           0           0          0          0
      ns~n_lt2year |         74           0           0          0          0
      2010
      
          Variable |        Obs        Mean    Std. dev.       Min        Max
      -------------+---------------------------------------------------------
           nsc_enr |         60    .2166667    .4154502          0          1
      nsc_enr_o~me |         60           0           0          0          0
      nsc_enr_4y~r |         60           0           0          0          0
      nsc_enr_2y~r |         60           0           0          0          0
      nsc_enr_lt~r |         60           0           0          0          0
      -------------+---------------------------------------------------------
      nsc_~e_4year |         60           0           0          0          0
      nsc_~e_2year |         60           0           0          0          0
      ns~e_lt2year |         60           0           0          0          0
       nsc_enr_pub |         60    .1833333    .3902049          0          1
      nsc_enr_priv |         60         .05    .2197842          0          1
      -------------+---------------------------------------------------------
      nsc_en~e_pub |         60           0           0          0          0
      nsc_e~e_priv |         60           0           0          0          0
      nsc_enr_4y~b |         60           0           0          0          0
      nsc_enr_4y~v |         60           0           0          0          0
      nsc_enr_2y~b |         60           0           0          0          0
      -------------+---------------------------------------------------------
      nsc_enr_2y~v |         60           0           0          0          0
      nsc_enr_lt~b |         60           0           0          0          0
      nsc_enr_lt~v |         60           0           0          0          0
      ~e_4year_pub |         60           0           0          0          0
      nsc_enr_on.. |         60           0           0          0          0
      -------------+---------------------------------------------------------
      ~e_2year_pub |         60           0           0          0          0
      nsc_enr_on.. |         60           0           0          0          0
      nsc_enr_on.. |         60           0           0          0          0
      nsc_enr_on.. |         60           0           0          0          0
      nsc_enr_in~e |         60         .15    .3600847          0          1
      -------------+---------------------------------------------------------
      nsc_enr_ou~e |         60    .0666667    .2515489          0          1
      ns~e_instate |         60           0           0          0          0
      n~e_outstate |         60           0           0          0          0
      nsc_enr_4y.. |         60           0           0          0          0
      nsc_enr_4y.. |         60           0           0          0          0
      -------------+---------------------------------------------------------
      nsc_enr_2y.. |         60           0           0          0          0
      nsc_enr_2y.. |         60           0           0          0          0
      nsc_enr_lt.. |         60           0           0          0          0
      nsc_enr_lt.. |         60           0           0          0          0
      nsc_enr_on.. |         60           0           0          0          0
      -------------+---------------------------------------------------------
      nsc_enr_on.. |         60           0           0          0          0
      nsc_enr_on.. |         60           0           0          0          0
      nsc_enr_on.. |         60           0           0          0          0
      nsc_enr_on.. |         60           0           0          0          0
      nsc_enr_on.. |         60           0           0          0          0
      -------------+---------------------------------------------------------
        nsc_enr_uc |         60    .0166667    .1290994          0          1
      nsc_enr_uc~s |         60    .0166667    .1290994          0          1
      nsc_enr_on~c |         60           0           0          0          0
      nsc_enr_on~s |         60           0           0          0          0
      nsc_persis~2 |         60    .1333333    .3428033          0          1
      -------------+---------------------------------------------------------
      nsc_~2_4year |         60           0           0          0          0
      nsc_pe~2year |         60           0           0          0          0
      nsc_persis~3 |         60           0           0          0          0
      nsc_~3_4year |         60           0           0          0          0
      nsc_persis~4 |         60           0           0          0          0
      -------------+---------------------------------------------------------
      nsc_~4_4year |         60           0           0          0          0
           nsc_deg |         60           0           0          0          0
      nsc_deg_4y~r |         60           0           0          0          0
      nsc_deg_2y~r |         60           0           0          0          0
      nsc_deg_lt~r |         60           0           0          0          0
      -------------+---------------------------------------------------------
      nsc_~n_4year |         60           0           0          0          0
      nsc_~n_2year |         60           0           0          0          0
      ns~n_lt2year |         60           0           0          0          0
      (file
          /home/research/ca_ed_lab/chesun/gsr/caschls/out/txt/outcomesumstats/nsc201
          > 9new/nsc_2019_provisional_sumstats_matching_convschl.txt not found)
