                                                       ___  ____  ____  ____  ____(R)
                                                      /__    /   ____/   /   ____/   
                                                     ___/   /   /___/   /   /___/    
                                                       Statistics/Data analysis      
      
      2019
      
          Variable |        Obs        Mean    Std. dev.       Min        Max
      -------------+---------------------------------------------------------
           nsc_enr |    420,330    .0033664     .057923          0          1
      nsc_enr_o~me |    420,330    .0025385    .0503194          0          1
      nsc_enr_4y~r |    420,330           0           0          0          0
      nsc_enr_2y~r |    420,330           0           0          0          0
      nsc_enr_lt~r |    420,330           0           0          0          0
      -------------+---------------------------------------------------------
      nsc_~e_4year |    420,330           0           0          0          0
      nsc_~e_2year |    420,330           0           0          0          0
      ns~e_lt2year |    420,330           0           0          0          0
       nsc_enr_pub |    420,330    .0031975    .0564559          0          1
      nsc_enr_priv |    420,330    .0002593    .0161013          0          1
      -------------+---------------------------------------------------------
      nsc_en~e_pub |    420,330    .0023981    .0489119          0          1
      nsc_e~e_priv |    420,330    .0001713    .0130868          0          1
      nsc_enr_4y~b |    420,330           0           0          0          0
      nsc_enr_4y~v |    420,330           0           0          0          0
      nsc_enr_2y~b |    420,330           0           0          0          0
      -------------+---------------------------------------------------------
      nsc_enr_2y~v |    420,330           0           0          0          0
      nsc_enr_lt~b |    420,330           0           0          0          0
      nsc_enr_lt~v |    420,330           0           0          0          0
      ~e_4year_pub |    420,330           0           0          0          0
      nsc_enr_on.. |    420,330           0           0          0          0
      -------------+---------------------------------------------------------
      ~e_2year_pub |    420,330           0           0          0          0
      nsc_enr_on.. |    420,330           0           0          0          0
      nsc_enr_on.. |    420,330           0           0          0          0
      nsc_enr_on.. |    420,330           0           0          0          0
      nsc_enr_in~e |    420,330    .0031356    .0559089          0          1
      -------------+---------------------------------------------------------
      nsc_enr_ou~e |    420,330    .0003592    .0189503          0          1
      ns~e_instate |    420,330    .0022839    .0477358          0          1
      n~e_outstate |    420,330    .0002831    .0168235          0          1
      nsc_enr_4y.. |    420,330           0           0          0          0
      nsc_enr_4y.. |    420,330           0           0          0          0
      -------------+---------------------------------------------------------
      nsc_enr_2y.. |    420,330           0           0          0          0
      nsc_enr_2y.. |    420,330           0           0          0          0
      nsc_enr_lt.. |    420,330           0           0          0          0
      nsc_enr_lt.. |    420,330           0           0          0          0
      nsc_enr_on.. |    420,330           0           0          0          0
      -------------+---------------------------------------------------------
      nsc_enr_on.. |    420,330           0           0          0          0
      nsc_enr_on.. |    420,330           0           0          0          0
      nsc_enr_on.. |    420,330           0           0          0          0
      nsc_enr_on.. |    420,330           0           0          0          0
      nsc_enr_on.. |    420,330           0           0          0          0
      -------------+---------------------------------------------------------
        nsc_enr_uc |    420,330    .0001094    .0104607          0          1
      nsc_enr_uc~s |    420,330    .0001142    .0106857          0          1
      nsc_enr_on~c |    420,330    .0000975    .0098759          0          1
      nsc_enr_on~s |    420,330    .0001023    .0101139          0          1
      nsc_persis~2 |    420,330    .0018819    .0433396          0          1
      -------------+---------------------------------------------------------
      nsc_~2_4year |    420,330           0           0          0          0
      nsc_pe~2year |    420,330           0           0          0          0
      nsc_persis~3 |    420,330           0           0          0          0
      nsc_~3_4year |    420,330           0           0          0          0
      nsc_persis~4 |    420,330           0           0          0          0
      -------------+---------------------------------------------------------
      nsc_~4_4year |    420,330           0           0          0          0
           nsc_deg |    420,330     .000069     .008306          0          1
      nsc_deg_4y~r |    420,330           0           0          0          0
      nsc_deg_2y~r |    420,330           0           0          0          0
      nsc_deg_lt~r |    420,330           0           0          0          0
      -------------+---------------------------------------------------------
      nsc_~n_4year |    420,330           0           0          0          0
      nsc_~n_2year |    420,330           0           0          0          0
      ns~n_lt2year |    420,330           0           0          0          0
      2018
      
          Variable |        Obs        Mean    Std. dev.       Min        Max
      -------------+---------------------------------------------------------
           nsc_enr |    419,925    .6712984    .4697418          0          1
      nsc_enr_o~me |    419,925    .6458749    .4782479          0          1
      nsc_enr_4y~r |    419,925           0           0          0          0
      nsc_enr_2y~r |    419,925           0           0          0          0
      nsc_enr_lt~r |    419,925           0           0          0          0
      -------------+---------------------------------------------------------
      nsc_~e_4year |    419,925           0           0          0          0
      nsc_~e_2year |    419,925           0           0          0          0
      ns~e_lt2year |    419,925           0           0          0          0
       nsc_enr_pub |    419,925    .6217753    .4849447          0          1
      nsc_enr_priv |    419,925    .0681384    .2519835          0          1
      -------------+---------------------------------------------------------
      nsc_en~e_pub |    419,925     .590153    .4918059          0          1
      nsc_e~e_priv |    419,925    .0599131     .237326          0          1
      nsc_enr_4y~b |    419,925           0           0          0          0
      nsc_enr_4y~v |    419,925           0           0          0          0
      nsc_enr_2y~b |    419,925           0           0          0          0
      -------------+---------------------------------------------------------
      nsc_enr_2y~v |    419,925           0           0          0          0
      nsc_enr_lt~b |    419,925           0           0          0          0
      nsc_enr_lt~v |    419,925           0           0          0          0
      ~e_4year_pub |    419,925           0           0          0          0
      nsc_enr_on.. |    419,925           0           0          0          0
      -------------+---------------------------------------------------------
      ~e_2year_pub |    419,925           0           0          0          0
      nsc_enr_on.. |    419,925           0           0          0          0
      nsc_enr_on.. |    419,925           0           0          0          0
      nsc_enr_on.. |    419,925           0           0          0          0
      nsc_enr_in~e |    419,925    .6108615    .4875554          0          1
      -------------+---------------------------------------------------------
      nsc_enr_ou~e |    419,925    .0772447    .2669797          0          1
      ns~e_instate |    419,925    .5805918    .4934628          0          1
      n~e_outstate |    419,925    .0693219     .254001          0          1
      nsc_enr_4y.. |    419,925           0           0          0          0
      nsc_enr_4y.. |    419,925           0           0          0          0
      -------------+---------------------------------------------------------
      nsc_enr_2y.. |    419,925           0           0          0          0
      nsc_enr_2y.. |    419,925           0           0          0          0
      nsc_enr_lt.. |    419,925           0           0          0          0
      nsc_enr_lt.. |    419,925           0           0          0          0
      nsc_enr_on.. |    419,925           0           0          0          0
      -------------+---------------------------------------------------------
      nsc_enr_on.. |    419,925           0           0          0          0
      nsc_enr_on.. |    419,925           0           0          0          0
      nsc_enr_on.. |    419,925           0           0          0          0
      nsc_enr_on.. |    419,925           0           0          0          0
      nsc_enr_on.. |    419,925           0           0          0          0
      -------------+---------------------------------------------------------
        nsc_enr_uc |    419,925    .0757135    .2645395          0          1
      nsc_enr_uc~s |    419,925    .0796166     .270699          0          1
      nsc_enr_on~c |    419,925    .0741323    .2619864          0          1
      nsc_enr_on~s |    419,925    .0771543    .2668364          0          1
      nsc_persis~2 |    419,925    .4721034    .4992218          0          1
      -------------+---------------------------------------------------------
      nsc_~2_4year |    419,925           0           0          0          0
      nsc_pe~2year |    419,925           0           0          0          0
      nsc_persis~3 |    419,925     .000031    .0055639          0          1
      nsc_~3_4year |    419,925           0           0          0          0
      nsc_persis~4 |    419,925    2.38e-06    .0015432          0          1
      -------------+---------------------------------------------------------
      nsc_~4_4year |    419,925           0           0          0          0
           nsc_deg |    419,925    .0057701    .0757417          0          1
      nsc_deg_4y~r |    419,925           0           0          0          0
      nsc_deg_2y~r |    419,925           0           0          0          0
      nsc_deg_lt~r |    419,925           0           0          0          0
      -------------+---------------------------------------------------------
      nsc_~n_4year |    419,925           0           0          0          0
      nsc_~n_2year |    419,925           0           0          0          0
      ns~n_lt2year |    419,925           0           0          0          0
      2017
      
          Variable |        Obs        Mean    Std. dev.       Min        Max
      -------------+---------------------------------------------------------
           nsc_enr |    431,193    .0055683    .0744129          0          1
      nsc_enr_o~me |    431,193     .000225    .0149969          0          1
      nsc_enr_4y~r |    431,193           0           0          0          0
      nsc_enr_2y~r |    431,193           0           0          0          0
      nsc_enr_lt~r |    431,193           0           0          0          0
      -------------+---------------------------------------------------------
      nsc_~e_4year |    431,193           0           0          0          0
      nsc_~e_2year |    431,193           0           0          0          0
      ns~e_lt2year |    431,193           0           0          0          0
       nsc_enr_pub |    431,193    .0052018    .0719361          0          1
      nsc_enr_priv |    431,193    .0004476    .0211517          0          1
      -------------+---------------------------------------------------------
      nsc_en~e_pub |    431,193    .0001554    .0124643          0          1
      nsc_e~e_priv |    431,193    .0000696    .0083408          0          1
      nsc_enr_4y~b |    431,193           0           0          0          0
      nsc_enr_4y~v |    431,193           0           0          0          0
      nsc_enr_2y~b |    431,193           0           0          0          0
      -------------+---------------------------------------------------------
      nsc_enr_2y~v |    431,193           0           0          0          0
      nsc_enr_lt~b |    431,193           0           0          0          0
      nsc_enr_lt~v |    431,193           0           0          0          0
      ~e_4year_pub |    431,193           0           0          0          0
      nsc_enr_on.. |    431,193           0           0          0          0
      -------------+---------------------------------------------------------
      ~e_2year_pub |    431,193           0           0          0          0
      nsc_enr_on.. |    431,193           0           0          0          0
      nsc_enr_on.. |    431,193           0           0          0          0
      nsc_enr_on.. |    431,193           0           0          0          0
      nsc_enr_in~e |    431,193    .0052088    .0719839          0          1
      -------------+---------------------------------------------------------
      nsc_enr_ou~e |    431,193    .0004128    .0203135          0          1
      ns~e_instate |    431,193    .0002134    .0146054          0          1
      n~e_outstate |    431,193    .0000116    .0034052          0          1
      nsc_enr_4y.. |    431,193           0           0          0          0
      nsc_enr_4y.. |    431,193           0           0          0          0
      -------------+---------------------------------------------------------
      nsc_enr_2y.. |    431,193           0           0          0          0
      nsc_enr_2y.. |    431,193           0           0          0          0
      nsc_enr_lt.. |    431,193           0           0          0          0
      nsc_enr_lt.. |    431,193           0           0          0          0
      nsc_enr_on.. |    431,193           0           0          0          0
      -------------+---------------------------------------------------------
      nsc_enr_on.. |    431,193           0           0          0          0
      nsc_enr_on.. |    431,193           0           0          0          0
      nsc_enr_on.. |    431,193           0           0          0          0
      nsc_enr_on.. |    431,193           0           0          0          0
      nsc_enr_on.. |    431,193           0           0          0          0
      -------------+---------------------------------------------------------
        nsc_enr_uc |    431,193    .0000417    .0064609          0          1
      nsc_enr_uc~s |    431,193    .0000417    .0064609          0          1
      nsc_enr_on~c |    431,193           0           0          0          0
      nsc_enr_on~s |    431,193           0           0          0          0
      nsc_persis~2 |    431,193    .0020548     .045283          0          1
      -------------+---------------------------------------------------------
      nsc_~2_4year |    431,193           0           0          0          0
      nsc_pe~2year |    431,193           0           0          0          0
      nsc_persis~3 |    431,193    .0000487    .0069785          0          1
      nsc_~3_4year |    431,193           0           0          0          0
      nsc_persis~4 |    431,193           0           0          0          0
      -------------+---------------------------------------------------------
      nsc_~4_4year |    431,193           0           0          0          0
           nsc_deg |    431,193    .0001391    .0117953          0          1
      nsc_deg_4y~r |    431,193           0           0          0          0
      nsc_deg_2y~r |    431,193           0           0          0          0
      nsc_deg_lt~r |    431,193           0           0          0          0
      -------------+---------------------------------------------------------
      nsc_~n_4year |    431,193           0           0          0          0
      nsc_~n_2year |    431,193           0           0          0          0
      ns~n_lt2year |    431,193           0           0          0          0
      2016
      
          Variable |        Obs        Mean    Std. dev.       Min        Max
      -------------+---------------------------------------------------------
           nsc_enr |    428,038    .0010256    .0320088          0          1
      nsc_enr_o~me |    428,038    .0000117    .0034178          0          1
      nsc_enr_4y~r |    428,038           0           0          0          0
      nsc_enr_2y~r |    428,038           0           0          0          0
      nsc_enr_lt~r |    428,038           0           0          0          0
      -------------+---------------------------------------------------------
      nsc_~e_4year |    428,038           0           0          0          0
      nsc_~e_2year |    428,038           0           0          0          0
      ns~e_lt2year |    428,038           0           0          0          0
       nsc_enr_pub |    428,038    .0009345    .0305553          0          1
      nsc_enr_priv |    428,038    .0001098    .0104781          0          1
      -------------+---------------------------------------------------------
      nsc_en~e_pub |    428,038    9.34e-06    .0030569          0          1
      nsc_e~e_priv |    428,038    4.67e-06    .0021616          0          1
      nsc_enr_4y~b |    428,038           0           0          0          0
      nsc_enr_4y~v |    428,038           0           0          0          0
      nsc_enr_2y~b |    428,038           0           0          0          0
      -------------+---------------------------------------------------------
      nsc_enr_2y~v |    428,038           0           0          0          0
      nsc_enr_lt~b |    428,038           0           0          0          0
      nsc_enr_lt~v |    428,038           0           0          0          0
      ~e_4year_pub |    428,038           0           0          0          0
      nsc_enr_on.. |    428,038           0           0          0          0
      -------------+---------------------------------------------------------
      ~e_2year_pub |    428,038           0           0          0          0
      nsc_enr_on.. |    428,038           0           0          0          0
      nsc_enr_on.. |    428,038           0           0          0          0
      nsc_enr_on.. |    428,038           0           0          0          0
      nsc_enr_in~e |    428,038    .0009345    .0305553          0          1
      -------------+---------------------------------------------------------
      nsc_enr_ou~e |    428,038    .0001005    .0100224          0          1
      ns~e_instate |    428,038    .0000117    .0034178          0          1
      n~e_outstate |    428,038           0           0          0          0
      nsc_enr_4y.. |    428,038           0           0          0          0
      nsc_enr_4y.. |    428,038           0           0          0          0
      -------------+---------------------------------------------------------
      nsc_enr_2y.. |    428,038           0           0          0          0
      nsc_enr_2y.. |    428,038           0           0          0          0
      nsc_enr_lt.. |    428,038           0           0          0          0
      nsc_enr_lt.. |    428,038           0           0          0          0
      nsc_enr_on.. |    428,038           0           0          0          0
      -------------+---------------------------------------------------------
      nsc_enr_on.. |    428,038           0           0          0          0
      nsc_enr_on.. |    428,038           0           0          0          0
      nsc_enr_on.. |    428,038           0           0          0          0
      nsc_enr_on.. |    428,038           0           0          0          0
      nsc_enr_on.. |    428,038           0           0          0          0
      -------------+---------------------------------------------------------
        nsc_enr_uc |    428,038    7.01e-06    .0026474          0          1
      nsc_enr_uc~s |    428,038    7.01e-06    .0026474          0          1
      nsc_enr_on~c |    428,038           0           0          0          0
      nsc_enr_on~s |    428,038           0           0          0          0
      nsc_persis~2 |    428,038    .0003481    .0186542          0          1
      -------------+---------------------------------------------------------
      nsc_~2_4year |    428,038           0           0          0          0
      nsc_pe~2year |    428,038           0           0          0          0
      nsc_persis~3 |    428,038    4.67e-06    .0021616          0          1
      nsc_~3_4year |    428,038           0           0          0          0
      nsc_persis~4 |    428,038           0           0          0          0
      -------------+---------------------------------------------------------
      nsc_~4_4year |    428,038           0           0          0          0
           nsc_deg |    428,038    .0000514     .007169          0          1
      nsc_deg_4y~r |    428,038           0           0          0          0
      nsc_deg_2y~r |    428,038           0           0          0          0
      nsc_deg_lt~r |    428,038           0           0          0          0
      -------------+---------------------------------------------------------
      nsc_~n_4year |    428,038           0           0          0          0
      nsc_~n_2year |    428,038           0           0          0          0
      ns~n_lt2year |    428,038           0           0          0          0
      2015
      
          Variable |        Obs        Mean    Std. dev.       Min        Max
      -------------+---------------------------------------------------------
           nsc_enr |    424,098    .0002806    .0167487          0          1
      nsc_enr_o~me |    424,098           0           0          0          0
      nsc_enr_4y~r |    424,098           0           0          0          0
      nsc_enr_2y~r |    424,098           0           0          0          0
      nsc_enr_lt~r |    424,098           0           0          0          0
      -------------+---------------------------------------------------------
      nsc_~e_4year |    424,098           0           0          0          0
      nsc_~e_2year |    424,098           0           0          0          0
      ns~e_lt2year |    424,098           0           0          0          0
       nsc_enr_pub |    424,098     .000257    .0160297          0          1
      nsc_enr_priv |    424,098    .0000283    .0053193          0          1
      -------------+---------------------------------------------------------
      nsc_en~e_pub |    424,098           0           0          0          0
      nsc_e~e_priv |    424,098           0           0          0          0
      nsc_enr_4y~b |    424,098           0           0          0          0
      nsc_enr_4y~v |    424,098           0           0          0          0
      nsc_enr_2y~b |    424,098           0           0          0          0
      -------------+---------------------------------------------------------
      nsc_enr_2y~v |    424,098           0           0          0          0
      nsc_enr_lt~b |    424,098           0           0          0          0
      nsc_enr_lt~v |    424,098           0           0          0          0
      ~e_4year_pub |    424,098           0           0          0          0
      nsc_enr_on.. |    424,098           0           0          0          0
      -------------+---------------------------------------------------------
      ~e_2year_pub |    424,098           0           0          0          0
      nsc_enr_on.. |    424,098           0           0          0          0
      nsc_enr_on.. |    424,098           0           0          0          0
      nsc_enr_on.. |    424,098           0           0          0          0
      nsc_enr_in~e |    424,098    .0002688    .0163931          0          1
      -------------+---------------------------------------------------------
      nsc_enr_ou~e |    424,098    .0000165    .0040627          0          1
      ns~e_instate |    424,098           0           0          0          0
      n~e_outstate |    424,098           0           0          0          0
      nsc_enr_4y.. |    424,098           0           0          0          0
      nsc_enr_4y.. |    424,098           0           0          0          0
      -------------+---------------------------------------------------------
      nsc_enr_2y.. |    424,098           0           0          0          0
      nsc_enr_2y.. |    424,098           0           0          0          0
      nsc_enr_lt.. |    424,098           0           0          0          0
      nsc_enr_lt.. |    424,098           0           0          0          0
      nsc_enr_on.. |    424,098           0           0          0          0
      -------------+---------------------------------------------------------
      nsc_enr_on.. |    424,098           0           0          0          0
      nsc_enr_on.. |    424,098           0           0          0          0
      nsc_enr_on.. |    424,098           0           0          0          0
      nsc_enr_on.. |    424,098           0           0          0          0
      nsc_enr_on.. |    424,098           0           0          0          0
      -------------+---------------------------------------------------------
        nsc_enr_uc |    424,098           0           0          0          0
      nsc_enr_uc~s |    424,098           0           0          0          0
      nsc_enr_on~c |    424,098           0           0          0          0
      nsc_enr_on~s |    424,098           0           0          0          0
      nsc_persis~2 |    424,098    .0000684     .008269          0          1
      -------------+---------------------------------------------------------
      nsc_~2_4year |    424,098           0           0          0          0
      nsc_pe~2year |    424,098           0           0          0          0
      nsc_persis~3 |    424,098    2.36e-06    .0015356          0          1
      nsc_~3_4year |    424,098           0           0          0          0
      nsc_persis~4 |    424,098           0           0          0          0
      -------------+---------------------------------------------------------
      nsc_~4_4year |    424,098           0           0          0          0
           nsc_deg |    424,098    9.43e-06    .0030711          0          1
      nsc_deg_4y~r |    424,098           0           0          0          0
      nsc_deg_2y~r |    424,098           0           0          0          0
      nsc_deg_lt~r |    424,098           0           0          0          0
      -------------+---------------------------------------------------------
      nsc_~n_4year |    424,098           0           0          0          0
      nsc_~n_2year |    424,098           0           0          0          0
      ns~n_lt2year |    424,098           0           0          0          0
      2014
      
          Variable |        Obs        Mean    Std. dev.       Min        Max
      -------------+---------------------------------------------------------
           nsc_enr |          0
      nsc_enr_o~me |          0
      nsc_enr_4y~r |          0
      nsc_enr_2y~r |          0
      nsc_enr_lt~r |          0
      -------------+---------------------------------------------------------
      nsc_~e_4year |          0
      nsc_~e_2year |          0
      ns~e_lt2year |          0
       nsc_enr_pub |          0
      nsc_enr_priv |          0
      -------------+---------------------------------------------------------
      nsc_en~e_pub |          0
      nsc_e~e_priv |          0
      nsc_enr_4y~b |          0
      nsc_enr_4y~v |          0
      nsc_enr_2y~b |          0
      -------------+---------------------------------------------------------
      nsc_enr_2y~v |          0
      nsc_enr_lt~b |          0
      nsc_enr_lt~v |          0
      ~e_4year_pub |          0
      nsc_enr_on.. |          0
      -------------+---------------------------------------------------------
      ~e_2year_pub |          0
      nsc_enr_on.. |          0
      nsc_enr_on.. |          0
      nsc_enr_on.. |          0
      nsc_enr_in~e |          0
      -------------+---------------------------------------------------------
      nsc_enr_ou~e |          0
      ns~e_instate |          0
      n~e_outstate |          0
      nsc_enr_4y.. |          0
      nsc_enr_4y.. |          0
      -------------+---------------------------------------------------------
      nsc_enr_2y.. |          0
      nsc_enr_2y.. |          0
      nsc_enr_lt.. |          0
      nsc_enr_lt.. |          0
      nsc_enr_on.. |          0
      -------------+---------------------------------------------------------
      nsc_enr_on.. |          0
      nsc_enr_on.. |          0
      nsc_enr_on.. |          0
      nsc_enr_on.. |          0
      nsc_enr_on.. |          0
      -------------+---------------------------------------------------------
        nsc_enr_uc |          0
      nsc_enr_uc~s |          0
      nsc_enr_on~c |          0
      nsc_enr_on~s |          0
      nsc_persis~2 |          0
      -------------+---------------------------------------------------------
      nsc_~2_4year |          0
      nsc_pe~2year |          0
      nsc_persis~3 |          0
      nsc_~3_4year |          0
      nsc_persis~4 |          0
      -------------+---------------------------------------------------------
      nsc_~4_4year |          0
           nsc_deg |          0
      nsc_deg_4y~r |          0
      nsc_deg_2y~r |          0
      nsc_deg_lt~r |          0
      -------------+---------------------------------------------------------
      nsc_~n_4year |          0
      nsc_~n_2year |          0
      ns~n_lt2year |          0
      2013
      
          Variable |        Obs        Mean    Std. dev.       Min        Max
      -------------+---------------------------------------------------------
           nsc_enr |    417,609    .0000718    .0084754          0          1
      nsc_enr_o~me |    417,609           0           0          0          0
      nsc_enr_4y~r |    417,609           0           0          0          0
      nsc_enr_2y~r |    417,609           0           0          0          0
      nsc_enr_lt~r |    417,609           0           0          0          0
      -------------+---------------------------------------------------------
      nsc_~e_4year |    417,609           0           0          0          0
      nsc_~e_2year |    417,609           0           0          0          0
      ns~e_lt2year |    417,609           0           0          0          0
       nsc_enr_pub |    417,609    .0000599     .007737          0          1
      nsc_enr_priv |    417,609     .000012    .0034602          0          1
      -------------+---------------------------------------------------------
      nsc_en~e_pub |    417,609           0           0          0          0
      nsc_e~e_priv |    417,609           0           0          0          0
      nsc_enr_4y~b |    417,609           0           0          0          0
      nsc_enr_4y~v |    417,609           0           0          0          0
      nsc_enr_2y~b |    417,609           0           0          0          0
      -------------+---------------------------------------------------------
      nsc_enr_2y~v |    417,609           0           0          0          0
      nsc_enr_lt~b |    417,609           0           0          0          0
      nsc_enr_lt~v |    417,609           0           0          0          0
      ~e_4year_pub |    417,609           0           0          0          0
      nsc_enr_on.. |    417,609           0           0          0          0
      -------------+---------------------------------------------------------
      ~e_2year_pub |    417,609           0           0          0          0
      nsc_enr_on.. |    417,609           0           0          0          0
      nsc_enr_on.. |    417,609           0           0          0          0
      nsc_enr_on.. |    417,609           0           0          0          0
      nsc_enr_in~e |    417,609    .0000694     .008333          0          1
      -------------+---------------------------------------------------------
      nsc_enr_ou~e |    417,609    2.39e-06    .0015474          0          1
      ns~e_instate |    417,609           0           0          0          0
      n~e_outstate |    417,609           0           0          0          0
      nsc_enr_4y.. |    417,609           0           0          0          0
      nsc_enr_4y.. |    417,609           0           0          0          0
      -------------+---------------------------------------------------------
      nsc_enr_2y.. |    417,609           0           0          0          0
      nsc_enr_2y.. |    417,609           0           0          0          0
      nsc_enr_lt.. |    417,609           0           0          0          0
      nsc_enr_lt.. |    417,609           0           0          0          0
      nsc_enr_on.. |    417,609           0           0          0          0
      -------------+---------------------------------------------------------
      nsc_enr_on.. |    417,609           0           0          0          0
      nsc_enr_on.. |    417,609           0           0          0          0
      nsc_enr_on.. |    417,609           0           0          0          0
      nsc_enr_on.. |    417,609           0           0          0          0
      nsc_enr_on.. |    417,609           0           0          0          0
      -------------+---------------------------------------------------------
        nsc_enr_uc |    417,609    2.39e-06    .0015474          0          1
      nsc_enr_uc~s |    417,609    2.39e-06    .0015474          0          1
      nsc_enr_on~c |    417,609           0           0          0          0
      nsc_enr_on~s |    417,609           0           0          0          0
      nsc_persis~2 |    417,609    9.58e-06    .0030949          0          1
      -------------+---------------------------------------------------------
      nsc_~2_4year |    417,609           0           0          0          0
      nsc_pe~2year |    417,609           0           0          0          0
      nsc_persis~3 |    417,609           0           0          0          0
      nsc_~3_4year |    417,609           0           0          0          0
      nsc_persis~4 |    417,609           0           0          0          0
      -------------+---------------------------------------------------------
      nsc_~4_4year |    417,609           0           0          0          0
           nsc_deg |    417,609    4.79e-06    .0021884          0          1
      nsc_deg_4y~r |    417,609           0           0          0          0
      nsc_deg_2y~r |    417,609           0           0          0          0
      nsc_deg_lt~r |    417,609           0           0          0          0
      -------------+---------------------------------------------------------
      nsc_~n_4year |    417,609           0           0          0          0
      nsc_~n_2year |    417,609           0           0          0          0
      ns~n_lt2year |    417,609           0           0          0          0
      2012
      
          Variable |        Obs        Mean    Std. dev.       Min        Max
      -------------+---------------------------------------------------------
           nsc_enr |    416,289    .0000504    .0071023          0          1
      nsc_enr_o~me |    416,289           0           0          0          0
      nsc_enr_4y~r |    416,289           0           0          0          0
      nsc_enr_2y~r |    416,289           0           0          0          0
      nsc_enr_lt~r |    416,289           0           0          0          0
      -------------+---------------------------------------------------------
      nsc_~e_4year |    416,289           0           0          0          0
      nsc_~e_2year |    416,289           0           0          0          0
      ns~e_lt2year |    416,289           0           0          0          0
       nsc_enr_pub |    416,289    .0000384    .0061995          0          1
      nsc_enr_priv |    416,289     .000012    .0034657          0          1
      -------------+---------------------------------------------------------
      nsc_en~e_pub |    416,289           0           0          0          0
      nsc_e~e_priv |    416,289           0           0          0          0
      nsc_enr_4y~b |    416,289           0           0          0          0
      nsc_enr_4y~v |    416,289           0           0          0          0
      nsc_enr_2y~b |    416,289           0           0          0          0
      -------------+---------------------------------------------------------
      nsc_enr_2y~v |    416,289           0           0          0          0
      nsc_enr_lt~b |    416,289           0           0          0          0
      nsc_enr_lt~v |    416,289           0           0          0          0
      ~e_4year_pub |    416,289           0           0          0          0
      nsc_enr_on.. |    416,289           0           0          0          0
      -------------+---------------------------------------------------------
      ~e_2year_pub |    416,289           0           0          0          0
      nsc_enr_on.. |    416,289           0           0          0          0
      nsc_enr_on.. |    416,289           0           0          0          0
      nsc_enr_on.. |    416,289           0           0          0          0
      nsc_enr_in~e |    416,289    .0000456    .0067557          0          1
      -------------+---------------------------------------------------------
      nsc_enr_ou~e |    416,289    4.80e-06    .0021919          0          1
      ns~e_instate |    416,289           0           0          0          0
      n~e_outstate |    416,289           0           0          0          0
      nsc_enr_4y.. |    416,289           0           0          0          0
      nsc_enr_4y.. |    416,289           0           0          0          0
      -------------+---------------------------------------------------------
      nsc_enr_2y.. |    416,289           0           0          0          0
      nsc_enr_2y.. |    416,289           0           0          0          0
      nsc_enr_lt.. |    416,289           0           0          0          0
      nsc_enr_lt.. |    416,289           0           0          0          0
      nsc_enr_on.. |    416,289           0           0          0          0
      -------------+---------------------------------------------------------
      nsc_enr_on.. |    416,289           0           0          0          0
      nsc_enr_on.. |    416,289           0           0          0          0
      nsc_enr_on.. |    416,289           0           0          0          0
      nsc_enr_on.. |    416,289           0           0          0          0
      nsc_enr_on.. |    416,289           0           0          0          0
      -------------+---------------------------------------------------------
        nsc_enr_uc |    416,289           0           0          0          0
      nsc_enr_uc~s |    416,289           0           0          0          0
      nsc_enr_on~c |    416,289           0           0          0          0
      nsc_enr_on~s |    416,289           0           0          0          0
      nsc_persis~2 |    416,289    .0000192    .0043837          0          1
      -------------+---------------------------------------------------------
      nsc_~2_4year |    416,289           0           0          0          0
      nsc_pe~2year |    416,289           0           0          0          0
      nsc_persis~3 |    416,289           0           0          0          0
      nsc_~3_4year |    416,289           0           0          0          0
      nsc_persis~4 |    416,289           0           0          0          0
      -------------+---------------------------------------------------------
      nsc_~4_4year |    416,289           0           0          0          0
           nsc_deg |    416,289    2.40e-06    .0015499          0          1
      nsc_deg_4y~r |    416,289           0           0          0          0
      nsc_deg_2y~r |    416,289           0           0          0          0
      nsc_deg_lt~r |    416,289           0           0          0          0
      -------------+---------------------------------------------------------
      nsc_~n_4year |    416,289           0           0          0          0
      nsc_~n_2year |    416,289           0           0          0          0
      ns~n_lt2year |    416,289           0           0          0          0
      2011
      
          Variable |        Obs        Mean    Std. dev.       Min        Max
      -------------+---------------------------------------------------------
           nsc_enr |    417,756    .0000335    .0057889          0          1
      nsc_enr_o~me |    417,756           0           0          0          0
      nsc_enr_4y~r |    417,756           0           0          0          0
      nsc_enr_2y~r |    417,756           0           0          0          0
      nsc_enr_lt~r |    417,756           0           0          0          0
      -------------+---------------------------------------------------------
      nsc_~e_4year |    417,756           0           0          0          0
      nsc_~e_2year |    417,756           0           0          0          0
      ns~e_lt2year |    417,756           0           0          0          0
       nsc_enr_pub |    417,756    .0000287    .0053595          0          1
      nsc_enr_priv |    417,756    7.18e-06    .0026798          0          1
      -------------+---------------------------------------------------------
      nsc_en~e_pub |    417,756           0           0          0          0
      nsc_e~e_priv |    417,756           0           0          0          0
      nsc_enr_4y~b |    417,756           0           0          0          0
      nsc_enr_4y~v |    417,756           0           0          0          0
      nsc_enr_2y~b |    417,756           0           0          0          0
      -------------+---------------------------------------------------------
      nsc_enr_2y~v |    417,756           0           0          0          0
      nsc_enr_lt~b |    417,756           0           0          0          0
      nsc_enr_lt~v |    417,756           0           0          0          0
      ~e_4year_pub |    417,756           0           0          0          0
      nsc_enr_on.. |    417,756           0           0          0          0
      -------------+---------------------------------------------------------
      ~e_2year_pub |    417,756           0           0          0          0
      nsc_enr_on.. |    417,756           0           0          0          0
      nsc_enr_on.. |    417,756           0           0          0          0
      nsc_enr_on.. |    417,756           0           0          0          0
      nsc_enr_in~e |    417,756    .0000287    .0053595          0          1
      -------------+---------------------------------------------------------
      nsc_enr_ou~e |    417,756    4.79e-06     .002188          0          1
      ns~e_instate |    417,756           0           0          0          0
      n~e_outstate |    417,756           0           0          0          0
      nsc_enr_4y.. |    417,756           0           0          0          0
      nsc_enr_4y.. |    417,756           0           0          0          0
      -------------+---------------------------------------------------------
      nsc_enr_2y.. |    417,756           0           0          0          0
      nsc_enr_2y.. |    417,756           0           0          0          0
      nsc_enr_lt.. |    417,756           0           0          0          0
      nsc_enr_lt.. |    417,756           0           0          0          0
      nsc_enr_on.. |    417,756           0           0          0          0
      -------------+---------------------------------------------------------
      nsc_enr_on.. |    417,756           0           0          0          0
      nsc_enr_on.. |    417,756           0           0          0          0
      nsc_enr_on.. |    417,756           0           0          0          0
      nsc_enr_on.. |    417,756           0           0          0          0
      nsc_enr_on.. |    417,756           0           0          0          0
      -------------+---------------------------------------------------------
        nsc_enr_uc |    417,756           0           0          0          0
      nsc_enr_uc~s |    417,756           0           0          0          0
      nsc_enr_on~c |    417,756           0           0          0          0
      nsc_enr_on~s |    417,756           0           0          0          0
      nsc_persis~2 |    417,756    9.57e-06    .0030943          0          1
      -------------+---------------------------------------------------------
      nsc_~2_4year |    417,756           0           0          0          0
      nsc_pe~2year |    417,756           0           0          0          0
      nsc_persis~3 |    417,756           0           0          0          0
      nsc_~3_4year |    417,756           0           0          0          0
      nsc_persis~4 |    417,756           0           0          0          0
      -------------+---------------------------------------------------------
      nsc_~4_4year |    417,756           0           0          0          0
           nsc_deg |    417,756    2.39e-06    .0015472          0          1
      nsc_deg_4y~r |    417,756           0           0          0          0
      nsc_deg_2y~r |    417,756           0           0          0          0
      nsc_deg_lt~r |    417,756           0           0          0          0
      -------------+---------------------------------------------------------
      nsc_~n_4year |    417,756           0           0          0          0
      nsc_~n_2year |    417,756           0           0          0          0
      ns~n_lt2year |    417,756           0           0          0          0
      2010
      
          Variable |        Obs        Mean    Std. dev.       Min        Max
      -------------+---------------------------------------------------------
           nsc_enr |    413,498    .0000314     .005607          0          1
      nsc_enr_o~me |    413,498           0           0          0          0
      nsc_enr_4y~r |    413,498           0           0          0          0
      nsc_enr_2y~r |    413,498           0           0          0          0
      nsc_enr_lt~r |    413,498           0           0          0          0
      -------------+---------------------------------------------------------
      nsc_~e_4year |    413,498           0           0          0          0
      nsc_~e_2year |    413,498           0           0          0          0
      ns~e_lt2year |    413,498           0           0          0          0
       nsc_enr_pub |    413,498    .0000266    .0051577          0          1
      nsc_enr_priv |    413,498    7.26e-06    .0026935          0          1
      -------------+---------------------------------------------------------
      nsc_en~e_pub |    413,498           0           0          0          0
      nsc_e~e_priv |    413,498           0           0          0          0
      nsc_enr_4y~b |    413,498           0           0          0          0
      nsc_enr_4y~v |    413,498           0           0          0          0
      nsc_enr_2y~b |    413,498           0           0          0          0
      -------------+---------------------------------------------------------
      nsc_enr_2y~v |    413,498           0           0          0          0
      nsc_enr_lt~b |    413,498           0           0          0          0
      nsc_enr_lt~v |    413,498           0           0          0          0
      ~e_4year_pub |    413,498           0           0          0          0
      nsc_enr_on.. |    413,498           0           0          0          0
      -------------+---------------------------------------------------------
      ~e_2year_pub |    413,498           0           0          0          0
      nsc_enr_on.. |    413,498           0           0          0          0
      nsc_enr_on.. |    413,498           0           0          0          0
      nsc_enr_on.. |    413,498           0           0          0          0
      nsc_enr_in~e |    413,498    .0000218    .0046653          0          1
      -------------+---------------------------------------------------------
      nsc_enr_ou~e |    413,498    9.67e-06    .0031102          0          1
      ns~e_instate |    413,498           0           0          0          0
      n~e_outstate |    413,498           0           0          0          0
      nsc_enr_4y.. |    413,498           0           0          0          0
      nsc_enr_4y.. |    413,498           0           0          0          0
      -------------+---------------------------------------------------------
      nsc_enr_2y.. |    413,498           0           0          0          0
      nsc_enr_2y.. |    413,498           0           0          0          0
      nsc_enr_lt.. |    413,498           0           0          0          0
      nsc_enr_lt.. |    413,498           0           0          0          0
      nsc_enr_on.. |    413,498           0           0          0          0
      -------------+---------------------------------------------------------
      nsc_enr_on.. |    413,498           0           0          0          0
      nsc_enr_on.. |    413,498           0           0          0          0
      nsc_enr_on.. |    413,498           0           0          0          0
      nsc_enr_on.. |    413,498           0           0          0          0
      nsc_enr_on.. |    413,498           0           0          0          0
      -------------+---------------------------------------------------------
        nsc_enr_uc |    413,498    2.42e-06    .0015551          0          1
      nsc_enr_uc~s |    413,498    2.42e-06    .0015551          0          1
      nsc_enr_on~c |    413,498           0           0          0          0
      nsc_enr_on~s |    413,498           0           0          0          0
      nsc_persis~2 |    413,498    .0000193    .0043985          0          1
      -------------+---------------------------------------------------------
      nsc_~2_4year |    413,498           0           0          0          0
      nsc_pe~2year |    413,498           0           0          0          0
      nsc_persis~3 |    413,498           0           0          0          0
      nsc_~3_4year |    413,498           0           0          0          0
      nsc_persis~4 |    413,498           0           0          0          0
      -------------+---------------------------------------------------------
      nsc_~4_4year |    413,498           0           0          0          0
           nsc_deg |    413,498           0           0          0          0
      nsc_deg_4y~r |    413,498           0           0          0          0
      nsc_deg_2y~r |    413,498           0           0          0          0
      nsc_deg_lt~r |    413,498           0           0          0          0
      -------------+---------------------------------------------------------
      nsc_~n_4year |    413,498           0           0          0          0
      nsc_~n_2year |    413,498           0           0          0          0
      ns~n_lt2year |    413,498           0           0          0          0
      (file
          /home/research/ca_ed_lab/chesun/gsr/caschls/out/txt/outcomesumstats/nsc201
          > 9new/nsc_2019_provisional_sumstats_all_convschl.txt not found)
