                                                       ___  ____  ____  ____  ____(R)
                                                      /__    /   ____/   /   ____/   
                                                     ___/   /   /___/   /   /___/    
                                                       Statistics/Data analysis      
      
      2019
      
          Variable |        Obs        Mean    Std. dev.       Min        Max
      -------------+---------------------------------------------------------
           nsc_enr |      4,932    .4854015    .4998375          0          1
      nsc_enr_o~me |      4,932    .3426602    .4746471          0          1
      nsc_enr_4y~r |      4,932           0           0          0          0
      nsc_enr_2y~r |      4,932           0           0          0          0
      nsc_enr_lt~r |      4,932           0           0          0          0
      -------------+---------------------------------------------------------
      nsc_~e_4year |      4,932           0           0          0          0
      nsc_~e_2year |      4,932           0           0          0          0
      ns~e_lt2year |      4,932           0           0          0          0
       nsc_enr_pub |      4,932    .4588402    .4983535          0          1
      nsc_enr_priv |      4,932    .0397405    .1953686          0          1
      -------------+---------------------------------------------------------
      nsc_en~e_pub |      4,932    .3205596     .466739          0          1
      nsc_e~e_priv |      4,932    .0253447    .1571857          0          1
      nsc_enr_4y~b |      4,932           0           0          0          0
      nsc_enr_4y~v |      4,932           0           0          0          0
      nsc_enr_2y~b |      4,932           0           0          0          0
      -------------+---------------------------------------------------------
      nsc_enr_2y~v |      4,932           0           0          0          0
      nsc_enr_lt~b |      4,932           0           0          0          0
      nsc_enr_lt~v |      4,932           0           0          0          0
      ~e_4year_pub |      4,932           0           0          0          0
      nsc_enr_on.. |      4,932           0           0          0          0
      -------------+---------------------------------------------------------
      ~e_2year_pub |      4,932           0           0          0          0
      nsc_enr_on.. |      4,932           0           0          0          0
      nsc_enr_on.. |      4,932           0           0          0          0
      nsc_enr_on.. |      4,932           0           0          0          0
      nsc_enr_in~e |      4,932    .4551906    .4980386          0          1
      -------------+---------------------------------------------------------
      nsc_enr_ou~e |      4,932    .0458232    .2091227          0          1
      ns~e_instate |      4,932    .3100162    .4625468          0          1
      n~e_outstate |      4,932    .0352798    .1845049          0          1
      nsc_enr_4y.. |      4,932           0           0          0          0
      nsc_enr_4y.. |      4,932           0           0          0          0
      -------------+---------------------------------------------------------
      nsc_enr_2y.. |      4,932           0           0          0          0
      nsc_enr_2y.. |      4,932           0           0          0          0
      nsc_enr_lt.. |      4,932           0           0          0          0
      nsc_enr_lt.. |      4,932           0           0          0          0
      nsc_enr_on.. |      4,932           0           0          0          0
      -------------+---------------------------------------------------------
      nsc_enr_on.. |      4,932           0           0          0          0
      nsc_enr_on.. |      4,932           0           0          0          0
      nsc_enr_on.. |      4,932           0           0          0          0
      nsc_enr_on.. |      4,932           0           0          0          0
      nsc_enr_on.. |      4,932           0           0          0          0
      -------------+---------------------------------------------------------
        nsc_enr_uc |      4,932    .0101379    .1001855          0          1
      nsc_enr_uc~s |      4,932    .0105434    .1021486          0          1
      nsc_enr_on~c |      4,932    .0091241     .095093          0          1
      nsc_enr_on~s |      4,932    .0095296    .0971633          0          1
      nsc_persis~2 |      4,932     .230738    .4213478          0          1
      -------------+---------------------------------------------------------
      nsc_~2_4year |      4,932           0           0          0          0
      nsc_pe~2year |      4,932           0           0          0          0
      nsc_persis~3 |      4,932           0           0          0          0
      nsc_~3_4year |      4,932           0           0          0          0
      nsc_persis~4 |      4,932           0           0          0          0
      -------------+---------------------------------------------------------
      nsc_~4_4year |      4,932           0           0          0          0
           nsc_deg |      4,932    .0113544    .1059612          0          1
      nsc_deg_4y~r |      4,932           0           0          0          0
      nsc_deg_2y~r |      4,932           0           0          0          0
      nsc_deg_lt~r |      4,932           0           0          0          0
      -------------+---------------------------------------------------------
      nsc_~n_4year |      4,932           0           0          0          0
      nsc_~n_2year |      4,932           0           0          0          0
      ns~n_lt2year |      4,932           0           0          0          0
      2018
      
          Variable |        Obs        Mean    Std. dev.       Min        Max
      -------------+---------------------------------------------------------
           nsc_enr |    408,783    .7201351    .4489332          0          1
      nsc_enr_o~me |    408,783    .6911833    .4620059          0          1
      nsc_enr_4y~r |    408,783           0           0          0          0
      nsc_enr_2y~r |    408,783           0           0          0          0
      nsc_enr_lt~r |    408,783           0           0          0          0
      -------------+---------------------------------------------------------
      nsc_~e_4year |    408,783           0           0          0          0
      nsc_~e_2year |    408,783           0           0          0          0
      ns~e_lt2year |    408,783           0           0          0          0
       nsc_enr_pub |    408,783    .6670654    .4712639          0          1
      nsc_enr_priv |    408,783    .0728577    .2599031          0          1
      -------------+---------------------------------------------------------
      nsc_en~e_pub |    408,783    .6320224    .4822558          0          1
      nsc_e~e_priv |    408,783    .0636499    .2441285          0          1
      nsc_enr_4y~b |    408,783           0           0          0          0
      nsc_enr_4y~v |    408,783           0           0          0          0
      nsc_enr_2y~b |    408,783           0           0          0          0
      -------------+---------------------------------------------------------
      nsc_enr_2y~v |    408,783           0           0          0          0
      nsc_enr_lt~b |    408,783           0           0          0          0
      nsc_enr_lt~v |    408,783           0           0          0          0
      ~e_4year_pub |    408,783           0           0          0          0
      nsc_enr_on.. |    408,783           0           0          0          0
      -------------+---------------------------------------------------------
      ~e_2year_pub |    408,783           0           0          0          0
      nsc_enr_on.. |    408,783           0           0          0          0
      nsc_enr_on.. |    408,783           0           0          0          0
      nsc_enr_on.. |    408,783           0           0          0          0
      nsc_enr_in~e |    408,783    .6559128    .4750703          0          1
      -------------+---------------------------------------------------------
      nsc_enr_ou~e |    408,783    .0819188    .2742413          0          1
      ns~e_instate |    408,783    .6221663    .4848463          0          1
      n~e_outstate |    408,783    .0732834    .2606014          0          1
      nsc_enr_4y.. |    408,783           0           0          0          0
      nsc_enr_4y.. |    408,783           0           0          0          0
      -------------+---------------------------------------------------------
      nsc_enr_2y.. |    408,783           0           0          0          0
      nsc_enr_2y.. |    408,783           0           0          0          0
      nsc_enr_lt.. |    408,783           0           0          0          0
      nsc_enr_lt.. |    408,783           0           0          0          0
      nsc_enr_on.. |    408,783           0           0          0          0
      -------------+---------------------------------------------------------
      nsc_enr_on.. |    408,783           0           0          0          0
      nsc_enr_on.. |    408,783           0           0          0          0
      nsc_enr_on.. |    408,783           0           0          0          0
      nsc_enr_on.. |    408,783           0           0          0          0
      nsc_enr_on.. |    408,783           0           0          0          0
      -------------+---------------------------------------------------------
        nsc_enr_uc |    408,783    .0794554    .2704485          0          1
      nsc_enr_uc~s |    408,783    .0835235    .2766723          0          1
      nsc_enr_on~c |    408,783    .0777527    .2677824          0          1
      nsc_enr_on~s |    408,783    .0809085    .2726948          0          1
      nsc_persis~2 |    408,783    .4988882    .4999994          0          1
      -------------+---------------------------------------------------------
      nsc_~2_4year |    408,783           0           0          0          0
      nsc_pe~2year |    408,783           0           0          0          0
      nsc_persis~3 |    408,783    .0000416    .0064487          0          1
      nsc_~3_4year |    408,783           0           0          0          0
      nsc_persis~4 |    408,783    2.45e-06    .0015641          0          1
      -------------+---------------------------------------------------------
      nsc_~4_4year |    408,783           0           0          0          0
           nsc_deg |    408,783     .006468    .0801633          0          1
      nsc_deg_4y~r |    408,783           0           0          0          0
      nsc_deg_2y~r |    408,783           0           0          0          0
      nsc_deg_lt~r |    408,783           0           0          0          0
      -------------+---------------------------------------------------------
      nsc_~n_4year |    408,783           0           0          0          0
      nsc_~n_2year |    408,783           0           0          0          0
      ns~n_lt2year |    408,783           0           0          0          0
      2017
      
          Variable |        Obs        Mean    Std. dev.       Min        Max
      -------------+---------------------------------------------------------
           nsc_enr |     11,326    .2794455    .4487466          0          1
      nsc_enr_o~me |     11,326    .0110366    .1044783          0          1
      nsc_enr_4y~r |     11,326           0           0          0          0
      nsc_enr_2y~r |     11,326           0           0          0          0
      nsc_enr_lt~r |     11,326           0           0          0          0
      -------------+---------------------------------------------------------
      nsc_~e_4year |     11,326           0           0          0          0
      nsc_~e_2year |     11,326           0           0          0          0
      ns~e_lt2year |     11,326           0           0          0          0
       nsc_enr_pub |     11,326    .2591383     .438181          0          1
      nsc_enr_priv |     11,326    .0245453    .1547415          0          1
      -------------+---------------------------------------------------------
      nsc_en~e_pub |     11,326    .0079463    .0887912          0          1
      nsc_e~e_priv |     11,326    .0030902    .0555064          0          1
      nsc_enr_4y~b |     11,326           0           0          0          0
      nsc_enr_4y~v |     11,326           0           0          0          0
      nsc_enr_2y~b |     11,326           0           0          0          0
      -------------+---------------------------------------------------------
      nsc_enr_2y~v |     11,326           0           0          0          0
      nsc_enr_lt~b |     11,326           0           0          0          0
      nsc_enr_lt~v |     11,326           0           0          0          0
      ~e_4year_pub |     11,326           0           0          0          0
      nsc_enr_on.. |     11,326           0           0          0          0
      -------------+---------------------------------------------------------
      ~e_2year_pub |     11,326           0           0          0          0
      nsc_enr_on.. |     11,326           0           0          0          0
      nsc_enr_on.. |     11,326           0           0          0          0
      nsc_enr_on.. |     11,326           0           0          0          0
      nsc_enr_in~e |     11,326    .2605509    .4389546          0          1
      -------------+---------------------------------------------------------
      nsc_enr_ou~e |     11,326    .0218082    .1460634          0          1
      ns~e_instate |     11,326    .0104185    .1015425          0          1
      n~e_outstate |     11,326     .000618     .024854          0          1
      nsc_enr_4y.. |     11,326           0           0          0          0
      nsc_enr_4y.. |     11,326           0           0          0          0
      -------------+---------------------------------------------------------
      nsc_enr_2y.. |     11,326           0           0          0          0
      nsc_enr_2y.. |     11,326           0           0          0          0
      nsc_enr_lt.. |     11,326           0           0          0          0
      nsc_enr_lt.. |     11,326           0           0          0          0
      nsc_enr_on.. |     11,326           0           0          0          0
      -------------+---------------------------------------------------------
      nsc_enr_on.. |     11,326           0           0          0          0
      nsc_enr_on.. |     11,326           0           0          0          0
      nsc_enr_on.. |     11,326           0           0          0          0
      nsc_enr_on.. |     11,326           0           0          0          0
      nsc_enr_on.. |     11,326           0           0          0          0
      -------------+---------------------------------------------------------
        nsc_enr_uc |     11,326    .0018541    .0430217          0          1
      nsc_enr_uc~s |     11,326    .0018541    .0430217          0          1
      nsc_enr_on~c |     11,326           0           0          0          0
      nsc_enr_on~s |     11,326           0           0          0          0
      nsc_persis~2 |     11,326    .0949144    .2931095          0          1
      -------------+---------------------------------------------------------
      nsc_~2_4year |     11,326           0           0          0          0
      nsc_pe~2year |     11,326           0           0          0          0
      nsc_persis~3 |     11,326    .0022073    .0469322          0          1
      nsc_~3_4year |     11,326           0           0          0          0
      nsc_persis~4 |     11,326           0           0          0          0
      -------------+---------------------------------------------------------
      nsc_~4_4year |     11,326           0           0          0          0
           nsc_deg |     11,326    .0076814    .0873104          0          1
      nsc_deg_4y~r |     11,326           0           0          0          0
      nsc_deg_2y~r |     11,326           0           0          0          0
      nsc_deg_lt~r |     11,326           0           0          0          0
      -------------+---------------------------------------------------------
      nsc_~n_4year |     11,326           0           0          0          0
      nsc_~n_2year |     11,326           0           0          0          0
      ns~n_lt2year |     11,326           0           0          0          0
      2016
      
          Variable |        Obs        Mean    Std. dev.       Min        Max
      -------------+---------------------------------------------------------
           nsc_enr |      2,663    .2260608    .4183576          0          1
      nsc_enr_o~me |      2,663    .0026286    .0512122          0          1
      nsc_enr_4y~r |      2,663           0           0          0          0
      nsc_enr_2y~r |      2,663           0           0          0          0
      nsc_enr_lt~r |      2,663           0           0          0          0
      -------------+---------------------------------------------------------
      nsc_~e_4year |      2,663           0           0          0          0
      nsc_~e_2year |      2,663           0           0          0          0
      ns~e_lt2year |      2,663           0           0          0          0
       nsc_enr_pub |      2,663    .2042809    .4032509          0          1
      nsc_enr_priv |      2,663    .0266617    .1611228          0          1
      -------------+---------------------------------------------------------
      nsc_en~e_pub |      2,663    .0022531    .0474222          0          1
      nsc_e~e_priv |      2,663     .000751    .0273998          0          1
      nsc_enr_4y~b |      2,663           0           0          0          0
      nsc_enr_4y~v |      2,663           0           0          0          0
      nsc_enr_2y~b |      2,663           0           0          0          0
      -------------+---------------------------------------------------------
      nsc_enr_2y~v |      2,663           0           0          0          0
      nsc_enr_lt~b |      2,663           0           0          0          0
      nsc_enr_lt~v |      2,663           0           0          0          0
      ~e_4year_pub |      2,663           0           0          0          0
      nsc_enr_on.. |      2,663           0           0          0          0
      -------------+---------------------------------------------------------
      ~e_2year_pub |      2,663           0           0          0          0
      nsc_enr_on.. |      2,663           0           0          0          0
      nsc_enr_on.. |      2,663           0           0          0          0
      nsc_enr_on.. |      2,663           0           0          0          0
      nsc_enr_in~e |      2,663    .2069095    .4051661          0          1
      -------------+---------------------------------------------------------
      nsc_enr_ou~e |      2,663    .0214044    .1447555          0          1
      ns~e_instate |      2,663    .0026286    .0512122          0          1
      n~e_outstate |      2,663           0           0          0          0
      nsc_enr_4y.. |      2,663           0           0          0          0
      nsc_enr_4y.. |      2,663           0           0          0          0
      -------------+---------------------------------------------------------
      nsc_enr_2y.. |      2,663           0           0          0          0
      nsc_enr_2y.. |      2,663           0           0          0          0
      nsc_enr_lt.. |      2,663           0           0          0          0
      nsc_enr_lt.. |      2,663           0           0          0          0
      nsc_enr_on.. |      2,663           0           0          0          0
      -------------+---------------------------------------------------------
      nsc_enr_on.. |      2,663           0           0          0          0
      nsc_enr_on.. |      2,663           0           0          0          0
      nsc_enr_on.. |      2,663           0           0          0          0
      nsc_enr_on.. |      2,663           0           0          0          0
      nsc_enr_on.. |      2,663           0           0          0          0
      -------------+---------------------------------------------------------
        nsc_enr_uc |      2,663    .0011265    .0335515          0          1
      nsc_enr_uc~s |      2,663    .0011265    .0335515          0          1
      nsc_enr_on~c |      2,663           0           0          0          0
      nsc_enr_on~s |      2,663           0           0          0          0
      nsc_persis~2 |      2,663    .0720991    .2587006          0          1
      -------------+---------------------------------------------------------
      nsc_~2_4year |      2,663           0           0          0          0
      nsc_pe~2year |      2,663           0           0          0          0
      nsc_persis~3 |      2,663     .000751    .0273998          0          1
      nsc_~3_4year |      2,663           0           0          0          0
      nsc_persis~4 |      2,663           0           0          0          0
      -------------+---------------------------------------------------------
      nsc_~4_4year |      2,663           0           0          0          0
           nsc_deg |      2,663      .01089    .1038048          0          1
      nsc_deg_4y~r |      2,663           0           0          0          0
      nsc_deg_2y~r |      2,663           0           0          0          0
      nsc_deg_lt~r |      2,663           0           0          0          0
      -------------+---------------------------------------------------------
      nsc_~n_4year |      2,663           0           0          0          0
      nsc_~n_2year |      2,663           0           0          0          0
      ns~n_lt2year |      2,663           0           0          0          0
      2015
      
          Variable |        Obs        Mean    Std. dev.       Min        Max
      -------------+---------------------------------------------------------
           nsc_enr |        893    .2071669    .4055032          0          1
      nsc_enr_o~me |        893           0           0          0          0
      nsc_enr_4y~r |        893           0           0          0          0
      nsc_enr_2y~r |        893           0           0          0          0
      nsc_enr_lt~r |        893           0           0          0          0
      -------------+---------------------------------------------------------
      nsc_~e_4year |        893           0           0          0          0
      nsc_~e_2year |        893           0           0          0          0
      ns~e_lt2year |        893           0           0          0          0
       nsc_enr_pub |        893    .1892497    .3919264          0          1
      nsc_enr_priv |        893    .0235162    .1516211          0          1
      -------------+---------------------------------------------------------
      nsc_en~e_pub |        893           0           0          0          0
      nsc_e~e_priv |        893           0           0          0          0
      nsc_enr_4y~b |        893           0           0          0          0
      nsc_enr_4y~v |        893           0           0          0          0
      nsc_enr_2y~b |        893           0           0          0          0
      -------------+---------------------------------------------------------
      nsc_enr_2y~v |        893           0           0          0          0
      nsc_enr_lt~b |        893           0           0          0          0
      nsc_enr_lt~v |        893           0           0          0          0
      ~e_4year_pub |        893           0           0          0          0
      nsc_enr_on.. |        893           0           0          0          0
      -------------+---------------------------------------------------------
      ~e_2year_pub |        893           0           0          0          0
      nsc_enr_on.. |        893           0           0          0          0
      nsc_enr_on.. |        893           0           0          0          0
      nsc_enr_on.. |        893           0           0          0          0
      nsc_enr_in~e |        893    .2004479    .4005599          0          1
      -------------+---------------------------------------------------------
      nsc_enr_ou~e |        893    .0100784      .09994          0          1
      ns~e_instate |        893           0           0          0          0
      n~e_outstate |        893           0           0          0          0
      nsc_enr_4y.. |        893           0           0          0          0
      nsc_enr_4y.. |        893           0           0          0          0
      -------------+---------------------------------------------------------
      nsc_enr_2y.. |        893           0           0          0          0
      nsc_enr_2y.. |        893           0           0          0          0
      nsc_enr_lt.. |        893           0           0          0          0
      nsc_enr_lt.. |        893           0           0          0          0
      nsc_enr_on.. |        893           0           0          0          0
      -------------+---------------------------------------------------------
      nsc_enr_on.. |        893           0           0          0          0
      nsc_enr_on.. |        893           0           0          0          0
      nsc_enr_on.. |        893           0           0          0          0
      nsc_enr_on.. |        893           0           0          0          0
      nsc_enr_on.. |        893           0           0          0          0
      -------------+---------------------------------------------------------
        nsc_enr_uc |        893           0           0          0          0
      nsc_enr_uc~s |        893           0           0          0          0
      nsc_enr_on~c |        893           0           0          0          0
      nsc_enr_on~s |        893           0           0          0          0
      nsc_persis~2 |        893    .0526316     .223422          0          1
      -------------+---------------------------------------------------------
      nsc_~2_4year |        893           0           0          0          0
      nsc_pe~2year |        893           0           0          0          0
      nsc_persis~3 |        893    .0011198    .0334637          0          1
      nsc_~3_4year |        893           0           0          0          0
      nsc_persis~4 |        893           0           0          0          0
      -------------+---------------------------------------------------------
      nsc_~4_4year |        893           0           0          0          0
           nsc_deg |        893    .0089586    .0942776          0          1
      nsc_deg_4y~r |        893           0           0          0          0
      nsc_deg_2y~r |        893           0           0          0          0
      nsc_deg_lt~r |        893           0           0          0          0
      -------------+---------------------------------------------------------
      nsc_~n_4year |        893           0           0          0          0
      nsc_~n_2year |        893           0           0          0          0
      ns~n_lt2year |        893           0           0          0          0
      2014
      
          Variable |        Obs        Mean    Std. dev.       Min        Max
      -------------+---------------------------------------------------------
           nsc_enr |          0
      nsc_enr_o~me |          0
      nsc_enr_4y~r |          0
      nsc_enr_2y~r |          0
      nsc_enr_lt~r |          0
      -------------+---------------------------------------------------------
      nsc_~e_4year |          0
      nsc_~e_2year |          0
      ns~e_lt2year |          0
       nsc_enr_pub |          0
      nsc_enr_priv |          0
      -------------+---------------------------------------------------------
      nsc_en~e_pub |          0
      nsc_e~e_priv |          0
      nsc_enr_4y~b |          0
      nsc_enr_4y~v |          0
      nsc_enr_2y~b |          0
      -------------+---------------------------------------------------------
      nsc_enr_2y~v |          0
      nsc_enr_lt~b |          0
      nsc_enr_lt~v |          0
      ~e_4year_pub |          0
      nsc_enr_on.. |          0
      -------------+---------------------------------------------------------
      ~e_2year_pub |          0
      nsc_enr_on.. |          0
      nsc_enr_on.. |          0
      nsc_enr_on.. |          0
      nsc_enr_in~e |          0
      -------------+---------------------------------------------------------
      nsc_enr_ou~e |          0
      ns~e_instate |          0
      n~e_outstate |          0
      nsc_enr_4y.. |          0
      nsc_enr_4y.. |          0
      -------------+---------------------------------------------------------
      nsc_enr_2y.. |          0
      nsc_enr_2y.. |          0
      nsc_enr_lt.. |          0
      nsc_enr_lt.. |          0
      nsc_enr_on.. |          0
      -------------+---------------------------------------------------------
      nsc_enr_on.. |          0
      nsc_enr_on.. |          0
      nsc_enr_on.. |          0
      nsc_enr_on.. |          0
      nsc_enr_on.. |          0
      -------------+---------------------------------------------------------
        nsc_enr_uc |          0
      nsc_enr_uc~s |          0
      nsc_enr_on~c |          0
      nsc_enr_on~s |          0
      nsc_persis~2 |          0
      -------------+---------------------------------------------------------
      nsc_~2_4year |          0
      nsc_pe~2year |          0
      nsc_persis~3 |          0
      nsc_~3_4year |          0
      nsc_persis~4 |          0
      -------------+---------------------------------------------------------
      nsc_~4_4year |          0
           nsc_deg |          0
      nsc_deg_4y~r |          0
      nsc_deg_2y~r |          0
      nsc_deg_lt~r |          0
      -------------+---------------------------------------------------------
      nsc_~n_4year |          0
      nsc_~n_2year |          0
      ns~n_lt2year |          0
      2013
      
          Variable |        Obs        Mean    Std. dev.       Min        Max
      -------------+---------------------------------------------------------
           nsc_enr |        350    .1457143    .3533247          0          1
      nsc_enr_o~me |        350           0           0          0          0
      nsc_enr_4y~r |        350           0           0          0          0
      nsc_enr_2y~r |        350           0           0          0          0
      nsc_enr_lt~r |        350           0           0          0          0
      -------------+---------------------------------------------------------
      nsc_~e_4year |        350           0           0          0          0
      nsc_~e_2year |        350           0           0          0          0
      ns~e_lt2year |        350           0           0          0          0
       nsc_enr_pub |        350    .1228571    .3287431          0          1
      nsc_enr_priv |        350    .0228571    .1496619          0          1
      -------------+---------------------------------------------------------
      nsc_en~e_pub |        350           0           0          0          0
      nsc_e~e_priv |        350           0           0          0          0
      nsc_enr_4y~b |        350           0           0          0          0
      nsc_enr_4y~v |        350           0           0          0          0
      nsc_enr_2y~b |        350           0           0          0          0
      -------------+---------------------------------------------------------
      nsc_enr_2y~v |        350           0           0          0          0
      nsc_enr_lt~b |        350           0           0          0          0
      nsc_enr_lt~v |        350           0           0          0          0
      ~e_4year_pub |        350           0           0          0          0
      nsc_enr_on.. |        350           0           0          0          0
      -------------+---------------------------------------------------------
      ~e_2year_pub |        350           0           0          0          0
      nsc_enr_on.. |        350           0           0          0          0
      nsc_enr_on.. |        350           0           0          0          0
      nsc_enr_on.. |        350           0           0          0          0
      nsc_enr_in~e |        350    .1371429    .3444906          0          1
      -------------+---------------------------------------------------------
      nsc_enr_ou~e |        350    .0085714    .0923164          0          1
      ns~e_instate |        350           0           0          0          0
      n~e_outstate |        350           0           0          0          0
      nsc_enr_4y.. |        350           0           0          0          0
      nsc_enr_4y.. |        350           0           0          0          0
      -------------+---------------------------------------------------------
      nsc_enr_2y.. |        350           0           0          0          0
      nsc_enr_2y.. |        350           0           0          0          0
      nsc_enr_lt.. |        350           0           0          0          0
      nsc_enr_lt.. |        350           0           0          0          0
      nsc_enr_on.. |        350           0           0          0          0
      -------------+---------------------------------------------------------
      nsc_enr_on.. |        350           0           0          0          0
      nsc_enr_on.. |        350           0           0          0          0
      nsc_enr_on.. |        350           0           0          0          0
      nsc_enr_on.. |        350           0           0          0          0
      nsc_enr_on.. |        350           0           0          0          0
      -------------+---------------------------------------------------------
        nsc_enr_uc |        350    .0028571    .0534522          0          1
      nsc_enr_uc~s |        350    .0028571    .0534522          0          1
      nsc_enr_on~c |        350           0           0          0          0
      nsc_enr_on~s |        350           0           0          0          0
      nsc_persis~2 |        350    .0314286    .1747227          0          1
      -------------+---------------------------------------------------------
      nsc_~2_4year |        350           0           0          0          0
      nsc_pe~2year |        350           0           0          0          0
      nsc_persis~3 |        350           0           0          0          0
      nsc_~3_4year |        350           0           0          0          0
      nsc_persis~4 |        350           0           0          0          0
      -------------+---------------------------------------------------------
      nsc_~4_4year |        350           0           0          0          0
           nsc_deg |        350    .0085714    .0923164          0          1
      nsc_deg_4y~r |        350           0           0          0          0
      nsc_deg_2y~r |        350           0           0          0          0
      nsc_deg_lt~r |        350           0           0          0          0
      -------------+---------------------------------------------------------
      nsc_~n_4year |        350           0           0          0          0
      nsc_~n_2year |        350           0           0          0          0
      ns~n_lt2year |        350           0           0          0          0
      2012
      
          Variable |        Obs        Mean    Std. dev.       Min        Max
      -------------+---------------------------------------------------------
           nsc_enr |        148    .1891892    .3929887          0          1
      nsc_enr_o~me |        148           0           0          0          0
      nsc_enr_4y~r |        148           0           0          0          0
      nsc_enr_2y~r |        148           0           0          0          0
      nsc_enr_lt~r |        148           0           0          0          0
      -------------+---------------------------------------------------------
      nsc_~e_4year |        148           0           0          0          0
      nsc_~e_2year |        148           0           0          0          0
      ns~e_lt2year |        148           0           0          0          0
       nsc_enr_pub |        148    .1554054    .3635209          0          1
      nsc_enr_priv |        148    .0337838    .1812857          0          1
      -------------+---------------------------------------------------------
      nsc_en~e_pub |        148           0           0          0          0
      nsc_e~e_priv |        148           0           0          0          0
      nsc_enr_4y~b |        148           0           0          0          0
      nsc_enr_4y~v |        148           0           0          0          0
      nsc_enr_2y~b |        148           0           0          0          0
      -------------+---------------------------------------------------------
      nsc_enr_2y~v |        148           0           0          0          0
      nsc_enr_lt~b |        148           0           0          0          0
      nsc_enr_lt~v |        148           0           0          0          0
      ~e_4year_pub |        148           0           0          0          0
      nsc_enr_on.. |        148           0           0          0          0
      -------------+---------------------------------------------------------
      ~e_2year_pub |        148           0           0          0          0
      nsc_enr_on.. |        148           0           0          0          0
      nsc_enr_on.. |        148           0           0          0          0
      nsc_enr_on.. |        148           0           0          0          0
      nsc_enr_in~e |        148    .1689189    .3759526          0          1
      -------------+---------------------------------------------------------
      nsc_enr_ou~e |        148    .0202703    .1414019          0          1
      ns~e_instate |        148           0           0          0          0
      n~e_outstate |        148           0           0          0          0
      nsc_enr_4y.. |        148           0           0          0          0
      nsc_enr_4y.. |        148           0           0          0          0
      -------------+---------------------------------------------------------
      nsc_enr_2y.. |        148           0           0          0          0
      nsc_enr_2y.. |        148           0           0          0          0
      nsc_enr_lt.. |        148           0           0          0          0
      nsc_enr_lt.. |        148           0           0          0          0
      nsc_enr_on.. |        148           0           0          0          0
      -------------+---------------------------------------------------------
      nsc_enr_on.. |        148           0           0          0          0
      nsc_enr_on.. |        148           0           0          0          0
      nsc_enr_on.. |        148           0           0          0          0
      nsc_enr_on.. |        148           0           0          0          0
      nsc_enr_on.. |        148           0           0          0          0
      -------------+---------------------------------------------------------
        nsc_enr_uc |        148           0           0          0          0
      nsc_enr_uc~s |        148           0           0          0          0
      nsc_enr_on~c |        148           0           0          0          0
      nsc_enr_on~s |        148           0           0          0          0
      nsc_persis~2 |        148    .0743243    .2631886          0          1
      -------------+---------------------------------------------------------
      nsc_~2_4year |        148           0           0          0          0
      nsc_pe~2year |        148           0           0          0          0
      nsc_persis~3 |        148           0           0          0          0
      nsc_~3_4year |        148           0           0          0          0
      nsc_persis~4 |        148           0           0          0          0
      -------------+---------------------------------------------------------
      nsc_~4_4year |        148           0           0          0          0
           nsc_deg |        148    .0067568    .0821995          0          1
      nsc_deg_4y~r |        148           0           0          0          0
      nsc_deg_2y~r |        148           0           0          0          0
      nsc_deg_lt~r |        148           0           0          0          0
      -------------+---------------------------------------------------------
      nsc_~n_4year |        148           0           0          0          0
      nsc_~n_2year |        148           0           0          0          0
      ns~n_lt2year |        148           0           0          0          0
      2011
      
          Variable |        Obs        Mean    Std. dev.       Min        Max
      -------------+---------------------------------------------------------
           nsc_enr |        123     .203252    .4040644          0          1
      nsc_enr_o~me |        123           0           0          0          0
      nsc_enr_4y~r |        123           0           0          0          0
      nsc_enr_2y~r |        123           0           0          0          0
      nsc_enr_lt~r |        123           0           0          0          0
      -------------+---------------------------------------------------------
      nsc_~e_4year |        123           0           0          0          0
      nsc_~e_2year |        123           0           0          0          0
      ns~e_lt2year |        123           0           0          0          0
       nsc_enr_pub |        123    .1788618     .384804          0          1
      nsc_enr_priv |        123    .0325203    .1781029          0          1
      -------------+---------------------------------------------------------
      nsc_en~e_pub |        123           0           0          0          0
      nsc_e~e_priv |        123           0           0          0          0
      nsc_enr_4y~b |        123           0           0          0          0
      nsc_enr_4y~v |        123           0           0          0          0
      nsc_enr_2y~b |        123           0           0          0          0
      -------------+---------------------------------------------------------
      nsc_enr_2y~v |        123           0           0          0          0
      nsc_enr_lt~b |        123           0           0          0          0
      nsc_enr_lt~v |        123           0           0          0          0
      ~e_4year_pub |        123           0           0          0          0
      nsc_enr_on.. |        123           0           0          0          0
      -------------+---------------------------------------------------------
      ~e_2year_pub |        123           0           0          0          0
      nsc_enr_on.. |        123           0           0          0          0
      nsc_enr_on.. |        123           0           0          0          0
      nsc_enr_on.. |        123           0           0          0          0
      nsc_enr_in~e |        123    .1788618     .384804          0          1
      -------------+---------------------------------------------------------
      nsc_enr_ou~e |        123    .0243902    .1548884          0          1
      ns~e_instate |        123           0           0          0          0
      n~e_outstate |        123           0           0          0          0
      nsc_enr_4y.. |        123           0           0          0          0
      nsc_enr_4y.. |        123           0           0          0          0
      -------------+---------------------------------------------------------
      nsc_enr_2y.. |        123           0           0          0          0
      nsc_enr_2y.. |        123           0           0          0          0
      nsc_enr_lt.. |        123           0           0          0          0
      nsc_enr_lt.. |        123           0           0          0          0
      nsc_enr_on.. |        123           0           0          0          0
      -------------+---------------------------------------------------------
      nsc_enr_on.. |        123           0           0          0          0
      nsc_enr_on.. |        123           0           0          0          0
      nsc_enr_on.. |        123           0           0          0          0
      nsc_enr_on.. |        123           0           0          0          0
      nsc_enr_on.. |        123           0           0          0          0
      -------------+---------------------------------------------------------
        nsc_enr_uc |        123           0           0          0          0
      nsc_enr_uc~s |        123           0           0          0          0
      nsc_enr_on~c |        123           0           0          0          0
      nsc_enr_on~s |        123           0           0          0          0
      nsc_persis~2 |        123    .0406504    .1982867          0          1
      -------------+---------------------------------------------------------
      nsc_~2_4year |        123           0           0          0          0
      nsc_pe~2year |        123           0           0          0          0
      nsc_persis~3 |        123           0           0          0          0
      nsc_~3_4year |        123           0           0          0          0
      nsc_persis~4 |        123           0           0          0          0
      -------------+---------------------------------------------------------
      nsc_~4_4year |        123           0           0          0          0
           nsc_deg |        123    .0081301     .090167          0          1
      nsc_deg_4y~r |        123           0           0          0          0
      nsc_deg_2y~r |        123           0           0          0          0
      nsc_deg_lt~r |        123           0           0          0          0
      -------------+---------------------------------------------------------
      nsc_~n_4year |        123           0           0          0          0
      nsc_~n_2year |        123           0           0          0          0
      ns~n_lt2year |        123           0           0          0          0
      2010
      
          Variable |        Obs        Mean    Std. dev.       Min        Max
      -------------+---------------------------------------------------------
           nsc_enr |         99    .2222222    .4178554          0          1
      nsc_enr_o~me |         99           0           0          0          0
      nsc_enr_4y~r |         99           0           0          0          0
      nsc_enr_2y~r |         99           0           0          0          0
      nsc_enr_lt~r |         99           0           0          0          0
      -------------+---------------------------------------------------------
      nsc_~e_4year |         99           0           0          0          0
      nsc_~e_2year |         99           0           0          0          0
      ns~e_lt2year |         99           0           0          0          0
       nsc_enr_pub |         99    .2020202    .4035505          0          1
      nsc_enr_priv |         99     .030303    .1722922          0          1
      -------------+---------------------------------------------------------
      nsc_en~e_pub |         99           0           0          0          0
      nsc_e~e_priv |         99           0           0          0          0
      nsc_enr_4y~b |         99           0           0          0          0
      nsc_enr_4y~v |         99           0           0          0          0
      nsc_enr_2y~b |         99           0           0          0          0
      -------------+---------------------------------------------------------
      nsc_enr_2y~v |         99           0           0          0          0
      nsc_enr_lt~b |         99           0           0          0          0
      nsc_enr_lt~v |         99           0           0          0          0
      ~e_4year_pub |         99           0           0          0          0
      nsc_enr_on.. |         99           0           0          0          0
      -------------+---------------------------------------------------------
      ~e_2year_pub |         99           0           0          0          0
      nsc_enr_on.. |         99           0           0          0          0
      nsc_enr_on.. |         99           0           0          0          0
      nsc_enr_on.. |         99           0           0          0          0
      nsc_enr_in~e |         99    .1818182    .3876574          0          1
      -------------+---------------------------------------------------------
      nsc_enr_ou~e |         99     .040404     .197907          0          1
      ns~e_instate |         99           0           0          0          0
      n~e_outstate |         99           0           0          0          0
      nsc_enr_4y.. |         99           0           0          0          0
      nsc_enr_4y.. |         99           0           0          0          0
      -------------+---------------------------------------------------------
      nsc_enr_2y.. |         99           0           0          0          0
      nsc_enr_2y.. |         99           0           0          0          0
      nsc_enr_lt.. |         99           0           0          0          0
      nsc_enr_lt.. |         99           0           0          0          0
      nsc_enr_on.. |         99           0           0          0          0
      -------------+---------------------------------------------------------
      nsc_enr_on.. |         99           0           0          0          0
      nsc_enr_on.. |         99           0           0          0          0
      nsc_enr_on.. |         99           0           0          0          0
      nsc_enr_on.. |         99           0           0          0          0
      nsc_enr_on.. |         99           0           0          0          0
      -------------+---------------------------------------------------------
        nsc_enr_uc |         99     .010101    .1005038          0          1
      nsc_enr_uc~s |         99     .010101    .1005038          0          1
      nsc_enr_on~c |         99           0           0          0          0
      nsc_enr_on~s |         99           0           0          0          0
      nsc_persis~2 |         99    .1010101    .3028757          0          1
      -------------+---------------------------------------------------------
      nsc_~2_4year |         99           0           0          0          0
      nsc_pe~2year |         99           0           0          0          0
      nsc_persis~3 |         99           0           0          0          0
      nsc_~3_4year |         99           0           0          0          0
      nsc_persis~4 |         99           0           0          0          0
      -------------+---------------------------------------------------------
      nsc_~4_4year |         99           0           0          0          0
           nsc_deg |         99           0           0          0          0
      nsc_deg_4y~r |         99           0           0          0          0
      nsc_deg_2y~r |         99           0           0          0          0
      nsc_deg_lt~r |         99           0           0          0          0
      -------------+---------------------------------------------------------
      nsc_~n_4year |         99           0           0          0          0
      nsc_~n_2year |         99           0           0          0          0
      ns~n_lt2year |         99           0           0          0          0
      (file
          /home/research/ca_ed_lab/chesun/gsr/caschls/out/txt/outcomesumstats/nsc201
          > 9new/nsc_2019_provisional_sumstats_matching.txt not found)
