                                                       ___  ____  ____  ____  ____(R)
                                                      /__    /   ____/   /   ____/   
                                                     ___/   /   /___/   /   /___/    
                                                       Statistics/Data analysis      
      
      2019
      
          Variable |        Obs        Mean    Std. dev.       Min        Max
      -------------+---------------------------------------------------------
           nsc_enr |    472,107    .0052403    .0722003          0          1
      nsc_enr_o~me |    472,107    .0036814    .0605626          0          1
      nsc_enr_4y~r |    472,107           0           0          0          0
      nsc_enr_2y~r |    472,107           0           0          0          0
      nsc_enr_lt~r |    472,107           0           0          0          0
      -------------+---------------------------------------------------------
      nsc_~e_4year |    472,107           0           0          0          0
      nsc_~e_2year |    472,107           0           0          0          0
      ns~e_lt2year |    472,107           0           0          0          0
       nsc_enr_pub |    472,107    .0049523     .070198          0          1
      nsc_enr_priv |    472,107    .0004596    .0214343          0          1
      -------------+---------------------------------------------------------
      nsc_en~e_pub |    472,107    .0034399    .0585497          0          1
      nsc_e~e_priv |    472,107    .0002923    .0170945          0          1
      nsc_enr_4y~b |    472,107           0           0          0          0
      nsc_enr_4y~v |    472,107           0           0          0          0
      nsc_enr_2y~b |    472,107           0           0          0          0
      -------------+---------------------------------------------------------
      nsc_enr_2y~v |    472,107           0           0          0          0
      nsc_enr_lt~b |    472,107           0           0          0          0
      nsc_enr_lt~v |    472,107           0           0          0          0
      ~e_4year_pub |    472,107           0           0          0          0
      nsc_enr_on.. |    472,107           0           0          0          0
      -------------+---------------------------------------------------------
      ~e_2year_pub |    472,107           0           0          0          0
      nsc_enr_on.. |    472,107           0           0          0          0
      nsc_enr_on.. |    472,107           0           0          0          0
      nsc_enr_on.. |    472,107           0           0          0          0
      nsc_enr_in~e |    472,107    .0049099    .0698985          0          1
      -------------+---------------------------------------------------------
      nsc_enr_ou~e |    472,107    .0005084    .0225411          0          1
      ns~e_instate |    472,107    .0033382    .0576809          0          1
      n~e_outstate |    472,107    .0003792    .0194681          0          1
      nsc_enr_4y.. |    472,107           0           0          0          0
      nsc_enr_4y.. |    472,107           0           0          0          0
      -------------+---------------------------------------------------------
      nsc_enr_2y.. |    472,107           0           0          0          0
      nsc_enr_2y.. |    472,107           0           0          0          0
      nsc_enr_lt.. |    472,107           0           0          0          0
      nsc_enr_lt.. |    472,107           0           0          0          0
      nsc_enr_on.. |    472,107           0           0          0          0
      -------------+---------------------------------------------------------
      nsc_enr_on.. |    472,107           0           0          0          0
      nsc_enr_on.. |    472,107           0           0          0          0
      nsc_enr_on.. |    472,107           0           0          0          0
      nsc_enr_on.. |    472,107           0           0          0          0
      nsc_enr_on.. |    472,107           0           0          0          0
      -------------+---------------------------------------------------------
        nsc_enr_uc |    472,107    .0001483    .0121758          0          1
      nsc_enr_uc~s |    472,107    .0001546    .0124339          0          1
      nsc_enr_on~c |    472,107    .0001059    .0102906          0          1
      nsc_enr_on~s |    472,107    .0001123    .0105948          0          1
      nsc_persis~2 |    472,107    .0025185    .0501214          0          1
      -------------+---------------------------------------------------------
      nsc_~2_4year |    472,107           0           0          0          0
      nsc_pe~2year |    472,107           0           0          0          0
      nsc_persis~3 |    472,107    .0001038    .0101872          0          1
      nsc_~3_4year |    472,107           0           0          0          0
      nsc_persis~4 |    472,107           0           0          0          0
      -------------+---------------------------------------------------------
      nsc_~4_4year |    472,107           0           0          0          0
           nsc_deg |    472,107    .0003135    .0177028          0          1
      nsc_deg_4y~r |    472,107           0           0          0          0
      nsc_deg_2y~r |    472,107           0           0          0          0
      nsc_deg_lt~r |    472,107           0           0          0          0
      -------------+---------------------------------------------------------
      nsc_~n_4year |    472,107           0           0          0          0
      nsc_~n_2year |    472,107           0           0          0          0
      ns~n_lt2year |    472,107           0           0          0          0
      2018
      
          Variable |        Obs        Mean    Std. dev.       Min        Max
      -------------+---------------------------------------------------------
           nsc_enr |    466,843    .6086864    .4880448          0          1
      nsc_enr_o~me |    466,843    .5816731    .4932849          0          1
      nsc_enr_4y~r |    466,843           0           0          0          0
      nsc_enr_2y~r |    466,843           0           0          0          0
      nsc_enr_lt~r |    466,843           0           0          0          0
      -------------+---------------------------------------------------------
      nsc_~e_4year |    466,843           0           0          0          0
      nsc_~e_2year |    466,843           0           0          0          0
      ns~e_lt2year |    466,843           0           0          0          0
       nsc_enr_pub |    466,843    .5643503    .4958423          0          1
      nsc_enr_priv |    466,843    .0644135    .2454884          0          1
      -------------+---------------------------------------------------------
      nsc_en~e_pub |    466,843    .5307116    .4990564          0          1
      nsc_e~e_priv |    466,843    .0548129    .2276149          0          1
      nsc_enr_4y~b |    466,843           0           0          0          0
      nsc_enr_4y~v |    466,843           0           0          0          0
      nsc_enr_2y~b |    466,843           0           0          0          0
      -------------+---------------------------------------------------------
      nsc_enr_2y~v |    466,843           0           0          0          0
      nsc_enr_lt~b |    466,843           0           0          0          0
      nsc_enr_lt~v |    466,843           0           0          0          0
      ~e_4year_pub |    466,843           0           0          0          0
      nsc_enr_on.. |    466,843           0           0          0          0
      -------------+---------------------------------------------------------
      ~e_2year_pub |    466,843           0           0          0          0
      nsc_enr_on.. |    466,843           0           0          0          0
      nsc_enr_on.. |    466,843           0           0          0          0
      nsc_enr_on.. |    466,843           0           0          0          0
      nsc_enr_in~e |    466,843    .5540792    .4970674          0          1
      -------------+---------------------------------------------------------
      nsc_enr_ou~e |    466,843     .071945     .258397          0          1
      ns~e_instate |    466,843    .5222312    .4995061          0          1
      n~e_outstate |    466,843    .0631583    .2432477          0          1
      nsc_enr_4y.. |    466,843           0           0          0          0
      nsc_enr_4y.. |    466,843           0           0          0          0
      -------------+---------------------------------------------------------
      nsc_enr_2y.. |    466,843           0           0          0          0
      nsc_enr_2y.. |    466,843           0           0          0          0
      nsc_enr_lt.. |    466,843           0           0          0          0
      nsc_enr_lt.. |    466,843           0           0          0          0
      nsc_enr_on.. |    466,843           0           0          0          0
      -------------+---------------------------------------------------------
      nsc_enr_on.. |    466,843           0           0          0          0
      nsc_enr_on.. |    466,843           0           0          0          0
      nsc_enr_on.. |    466,843           0           0          0          0
      nsc_enr_on.. |    466,843           0           0          0          0
      nsc_enr_on.. |    466,843           0           0          0          0
      -------------+---------------------------------------------------------
        nsc_enr_uc |    466,843    .0701542     .255407          0          1
      nsc_enr_uc~s |    466,843    .0736907    .2612672          0          1
      nsc_enr_on~c |    466,843    .0669219    .2498869          0          1
      nsc_enr_on~s |    466,843    .0696615     .254576          0          1
      nsc_persis~2 |    466,843    .4260083    .4944955          0          1
      -------------+---------------------------------------------------------
      nsc_~2_4year |    466,843           0           0          0          0
      nsc_pe~2year |    466,843           0           0          0          0
      nsc_persis~3 |    466,843    .0109523    .1040786          0          1
      nsc_~3_4year |    466,843           0           0          0          0
      nsc_persis~4 |    466,843    4.28e-06    .0020698          0          1
      -------------+---------------------------------------------------------
      nsc_~4_4year |    466,843           0           0          0          0
           nsc_deg |    466,843    .0217696    .1459307          0          1
      nsc_deg_4y~r |    466,843           0           0          0          0
      nsc_deg_2y~r |    466,843           0           0          0          0
      nsc_deg_lt~r |    466,843           0           0          0          0
      -------------+---------------------------------------------------------
      nsc_~n_4year |    466,843           0           0          0          0
      nsc_~n_2year |    466,843           0           0          0          0
      ns~n_lt2year |    466,843           0           0          0          0
      2017
      
          Variable |        Obs        Mean    Std. dev.       Min        Max
      -------------+---------------------------------------------------------
           nsc_enr |    479,182    .0063796    .0796174          0          1
      nsc_enr_o~me |    479,182    .0002525    .0158887          0          1
      nsc_enr_4y~r |    479,182           0           0          0          0
      nsc_enr_2y~r |    479,182           0           0          0          0
      nsc_enr_lt~r |    479,182           0           0          0          0
      -------------+---------------------------------------------------------
      nsc_~e_4year |    479,182           0           0          0          0
      nsc_~e_2year |    479,182           0           0          0          0
      ns~e_lt2year |    479,182           0           0          0          0
       nsc_enr_pub |    479,182    .0058913    .0765284          0          1
      nsc_enr_priv |    479,182    .0006115    .0247202          0          1
      -------------+---------------------------------------------------------
      nsc_en~e_pub |    479,182    .0001878    .0137035          0          1
      nsc_e~e_priv |    479,182    .0000647     .008043          0          1
      nsc_enr_4y~b |    479,182           0           0          0          0
      nsc_enr_4y~v |    479,182           0           0          0          0
      nsc_enr_2y~b |    479,182           0           0          0          0
      -------------+---------------------------------------------------------
      nsc_enr_2y~v |    479,182           0           0          0          0
      nsc_enr_lt~b |    479,182           0           0          0          0
      nsc_enr_lt~v |    479,182           0           0          0          0
      ~e_4year_pub |    479,182           0           0          0          0
      nsc_enr_on.. |    479,182           0           0          0          0
      -------------+---------------------------------------------------------
      ~e_2year_pub |    479,182           0           0          0          0
      nsc_enr_on.. |    479,182           0           0          0          0
      nsc_enr_on.. |    479,182           0           0          0          0
      nsc_enr_on.. |    479,182           0           0          0          0
      nsc_enr_in~e |    479,182    .0059602    .0769717          0          1
      -------------+---------------------------------------------------------
      nsc_enr_ou~e |    479,182    .0005029    .0224207          0          1
      ns~e_instate |    479,182    .0002379    .0154224          0          1
      n~e_outstate |    479,182    .0000146     .003822          0          1
      nsc_enr_4y.. |    479,182           0           0          0          0
      nsc_enr_4y.. |    479,182           0           0          0          0
      -------------+---------------------------------------------------------
      nsc_enr_2y.. |    479,182           0           0          0          0
      nsc_enr_2y.. |    479,182           0           0          0          0
      nsc_enr_lt.. |    479,182           0           0          0          0
      nsc_enr_lt.. |    479,182           0           0          0          0
      nsc_enr_on.. |    479,182           0           0          0          0
      -------------+---------------------------------------------------------
      nsc_enr_on.. |    479,182           0           0          0          0
      nsc_enr_on.. |    479,182           0           0          0          0
      nsc_enr_on.. |    479,182           0           0          0          0
      nsc_enr_on.. |    479,182           0           0          0          0
      nsc_enr_on.. |    479,182           0           0          0          0
      -------------+---------------------------------------------------------
        nsc_enr_uc |    479,182    .0000605    .0077792          0          1
      nsc_enr_uc~s |    479,182    .0000605    .0077792          0          1
      nsc_enr_on~c |    479,182           0           0          0          0
      nsc_enr_on~s |    479,182           0           0          0          0
      nsc_persis~2 |    479,182    .0021641    .0464696          0          1
      -------------+---------------------------------------------------------
      nsc_~2_4year |    479,182           0           0          0          0
      nsc_pe~2year |    479,182           0           0          0          0
      nsc_persis~3 |    479,182     .000144     .011999          0          1
      nsc_~3_4year |    479,182           0           0          0          0
      nsc_persis~4 |    479,182           0           0          0          0
      -------------+---------------------------------------------------------
      nsc_~4_4year |    479,182           0           0          0          0
           nsc_deg |    479,182    .0002817    .0167825          0          1
      nsc_deg_4y~r |    479,182           0           0          0          0
      nsc_deg_2y~r |    479,182           0           0          0          0
      nsc_deg_lt~r |    479,182           0           0          0          0
      -------------+---------------------------------------------------------
      nsc_~n_4year |    479,182           0           0          0          0
      nsc_~n_2year |    479,182           0           0          0          0
      ns~n_lt2year |    479,182           0           0          0          0
      2016
      
          Variable |        Obs        Mean    Std. dev.       Min        Max
      -------------+---------------------------------------------------------
           nsc_enr |    487,772     .001226    .0349926          0          1
      nsc_enr_o~me |    487,772    .0000144    .0037882          0          1
      nsc_enr_4y~r |    487,772           0           0          0          0
      nsc_enr_2y~r |    487,772           0           0          0          0
      nsc_enr_lt~r |    487,772           0           0          0          0
      -------------+---------------------------------------------------------
      nsc_~e_4year |    487,772           0           0          0          0
      nsc_~e_2year |    487,772           0           0          0          0
      ns~e_lt2year |    487,772           0           0          0          0
       nsc_enr_pub |    487,772    .0011071    .0332543          0          1
      nsc_enr_priv |    487,772    .0001538    .0123991          0          1
      -------------+---------------------------------------------------------
      nsc_en~e_pub |    487,772    .0000123    .0035072          0          1
      nsc_e~e_priv |    487,772    4.10e-06    .0020249          0          1
      nsc_enr_4y~b |    487,772           0           0          0          0
      nsc_enr_4y~v |    487,772           0           0          0          0
      nsc_enr_2y~b |    487,772           0           0          0          0
      -------------+---------------------------------------------------------
      nsc_enr_2y~v |    487,772           0           0          0          0
      nsc_enr_lt~b |    487,772           0           0          0          0
      nsc_enr_lt~v |    487,772           0           0          0          0
      ~e_4year_pub |    487,772           0           0          0          0
      nsc_enr_on.. |    487,772           0           0          0          0
      -------------+---------------------------------------------------------
      ~e_2year_pub |    487,772           0           0          0          0
      nsc_enr_on.. |    487,772           0           0          0          0
      nsc_enr_on.. |    487,772           0           0          0          0
      nsc_enr_on.. |    487,772           0           0          0          0
      nsc_enr_in~e |    487,772    .0011378    .0337125          0          1
      -------------+---------------------------------------------------------
      nsc_enr_ou~e |    487,772    .0001005    .0100223          0          1
      ns~e_instate |    487,772    .0000144    .0037882          0          1
      n~e_outstate |    487,772           0           0          0          0
      nsc_enr_4y.. |    487,772           0           0          0          0
      nsc_enr_4y.. |    487,772           0           0          0          0
      -------------+---------------------------------------------------------
      nsc_enr_2y.. |    487,772           0           0          0          0
      nsc_enr_2y.. |    487,772           0           0          0          0
      nsc_enr_lt.. |    487,772           0           0          0          0
      nsc_enr_lt.. |    487,772           0           0          0          0
      nsc_enr_on.. |    487,772           0           0          0          0
      -------------+---------------------------------------------------------
      nsc_enr_on.. |    487,772           0           0          0          0
      nsc_enr_on.. |    487,772           0           0          0          0
      nsc_enr_on.. |    487,772           0           0          0          0
      nsc_enr_on.. |    487,772           0           0          0          0
      nsc_enr_on.. |    487,772           0           0          0          0
      -------------+---------------------------------------------------------
        nsc_enr_uc |    487,772    6.15e-06      .00248          0          1
      nsc_enr_uc~s |    487,772    6.15e-06      .00248          0          1
      nsc_enr_on~c |    487,772           0           0          0          0
      nsc_enr_on~s |    487,772           0           0          0          0
      nsc_persis~2 |    487,772    .0003895    .0197326          0          1
      -------------+---------------------------------------------------------
      nsc_~2_4year |    487,772           0           0          0          0
      nsc_pe~2year |    487,772           0           0          0          0
      nsc_persis~3 |    487,772    .0000287    .0053573          0          1
      nsc_~3_4year |    487,772           0           0          0          0
      nsc_persis~4 |    487,772           0           0          0          0
      -------------+---------------------------------------------------------
      nsc_~4_4year |    487,772           0           0          0          0
           nsc_deg |    487,772     .000082    .0090553          0          1
      nsc_deg_4y~r |    487,772           0           0          0          0
      nsc_deg_2y~r |    487,772           0           0          0          0
      nsc_deg_lt~r |    487,772           0           0          0          0
      -------------+---------------------------------------------------------
      nsc_~n_4year |    487,772           0           0          0          0
      nsc_~n_2year |    487,772           0           0          0          0
      ns~n_lt2year |    487,772           0           0          0          0
      2015
      
          Variable |        Obs        Mean    Std. dev.       Min        Max
      -------------+---------------------------------------------------------
           nsc_enr |    479,424    .0003984    .0199559          0          1
      nsc_enr_o~me |    479,424           0           0          0          0
      nsc_enr_4y~r |    479,424           0           0          0          0
      nsc_enr_2y~r |    479,424           0           0          0          0
      nsc_enr_lt~r |    479,424           0           0          0          0
      -------------+---------------------------------------------------------
      nsc_~e_4year |    479,424           0           0          0          0
      nsc_~e_2year |    479,424           0           0          0          0
      ns~e_lt2year |    479,424           0           0          0          0
       nsc_enr_pub |    479,424    .0003546    .0188273          0          1
      nsc_enr_priv |    479,424    .0000542     .007364          0          1
      -------------+---------------------------------------------------------
      nsc_en~e_pub |    479,424           0           0          0          0
      nsc_e~e_priv |    479,424           0           0          0          0
      nsc_enr_4y~b |    479,424           0           0          0          0
      nsc_enr_4y~v |    479,424           0           0          0          0
      nsc_enr_2y~b |    479,424           0           0          0          0
      -------------+---------------------------------------------------------
      nsc_enr_2y~v |    479,424           0           0          0          0
      nsc_enr_lt~b |    479,424           0           0          0          0
      nsc_enr_lt~v |    479,424           0           0          0          0
      ~e_4year_pub |    479,424           0           0          0          0
      nsc_enr_on.. |    479,424           0           0          0          0
      -------------+---------------------------------------------------------
      ~e_2year_pub |    479,424           0           0          0          0
      nsc_enr_on.. |    479,424           0           0          0          0
      nsc_enr_on.. |    479,424           0           0          0          0
      nsc_enr_on.. |    479,424           0           0          0          0
      nsc_enr_in~e |    479,424    .0003838    .0195869          0          1
      -------------+---------------------------------------------------------
      nsc_enr_ou~e |    479,424    .0000209    .0045671          0          1
      ns~e_instate |    479,424           0           0          0          0
      n~e_outstate |    479,424           0           0          0          0
      nsc_enr_4y.. |    479,424           0           0          0          0
      nsc_enr_4y.. |    479,424           0           0          0          0
      -------------+---------------------------------------------------------
      nsc_enr_2y.. |    479,424           0           0          0          0
      nsc_enr_2y.. |    479,424           0           0          0          0
      nsc_enr_lt.. |    479,424           0           0          0          0
      nsc_enr_lt.. |    479,424           0           0          0          0
      nsc_enr_on.. |    479,424           0           0          0          0
      -------------+---------------------------------------------------------
      nsc_enr_on.. |    479,424           0           0          0          0
      nsc_enr_on.. |    479,424           0           0          0          0
      nsc_enr_on.. |    479,424           0           0          0          0
      nsc_enr_on.. |    479,424           0           0          0          0
      nsc_enr_on.. |    479,424           0           0          0          0
      -------------+---------------------------------------------------------
        nsc_enr_uc |    479,424           0           0          0          0
      nsc_enr_uc~s |    479,424           0           0          0          0
      nsc_enr_on~c |    479,424           0           0          0          0
      nsc_enr_on~s |    479,424           0           0          0          0
      nsc_persis~2 |    479,424    .0001085     .010414          0          1
      -------------+---------------------------------------------------------
      nsc_~2_4year |    479,424           0           0          0          0
      nsc_pe~2year |    479,424           0           0          0          0
      nsc_persis~3 |    479,424    .0000125    .0035376          0          1
      nsc_~3_4year |    479,424           0           0          0          0
      nsc_persis~4 |    479,424           0           0          0          0
      -------------+---------------------------------------------------------
      nsc_~4_4year |    479,424           0           0          0          0
           nsc_deg |    479,424    .0000188    .0043327          0          1
      nsc_deg_4y~r |    479,424           0           0          0          0
      nsc_deg_2y~r |    479,424           0           0          0          0
      nsc_deg_lt~r |    479,424           0           0          0          0
      -------------+---------------------------------------------------------
      nsc_~n_4year |    479,424           0           0          0          0
      nsc_~n_2year |    479,424           0           0          0          0
      ns~n_lt2year |    479,424           0           0          0          0
      2014
      
          Variable |        Obs        Mean    Std. dev.       Min        Max
      -------------+---------------------------------------------------------
           nsc_enr |          0
      nsc_enr_o~me |          0
      nsc_enr_4y~r |          0
      nsc_enr_2y~r |          0
      nsc_enr_lt~r |          0
      -------------+---------------------------------------------------------
      nsc_~e_4year |          0
      nsc_~e_2year |          0
      ns~e_lt2year |          0
       nsc_enr_pub |          0
      nsc_enr_priv |          0
      -------------+---------------------------------------------------------
      nsc_en~e_pub |          0
      nsc_e~e_priv |          0
      nsc_enr_4y~b |          0
      nsc_enr_4y~v |          0
      nsc_enr_2y~b |          0
      -------------+---------------------------------------------------------
      nsc_enr_2y~v |          0
      nsc_enr_lt~b |          0
      nsc_enr_lt~v |          0
      ~e_4year_pub |          0
      nsc_enr_on.. |          0
      -------------+---------------------------------------------------------
      ~e_2year_pub |          0
      nsc_enr_on.. |          0
      nsc_enr_on.. |          0
      nsc_enr_on.. |          0
      nsc_enr_in~e |          0
      -------------+---------------------------------------------------------
      nsc_enr_ou~e |          0
      ns~e_instate |          0
      n~e_outstate |          0
      nsc_enr_4y.. |          0
      nsc_enr_4y.. |          0
      -------------+---------------------------------------------------------
      nsc_enr_2y.. |          0
      nsc_enr_2y.. |          0
      nsc_enr_lt.. |          0
      nsc_enr_lt.. |          0
      nsc_enr_on.. |          0
      -------------+---------------------------------------------------------
      nsc_enr_on.. |          0
      nsc_enr_on.. |          0
      nsc_enr_on.. |          0
      nsc_enr_on.. |          0
      nsc_enr_on.. |          0
      -------------+---------------------------------------------------------
        nsc_enr_uc |          0
      nsc_enr_uc~s |          0
      nsc_enr_on~c |          0
      nsc_enr_on~s |          0
      nsc_persis~2 |          0
      -------------+---------------------------------------------------------
      nsc_~2_4year |          0
      nsc_pe~2year |          0
      nsc_persis~3 |          0
      nsc_~3_4year |          0
      nsc_persis~4 |          0
      -------------+---------------------------------------------------------
      nsc_~4_4year |          0
           nsc_deg |          0
      nsc_deg_4y~r |          0
      nsc_deg_2y~r |          0
      nsc_deg_lt~r |          0
      -------------+---------------------------------------------------------
      nsc_~n_4year |          0
      nsc_~n_2year |          0
      ns~n_lt2year |          0
      2013
      
          Variable |        Obs        Mean    Std. dev.       Min        Max
      -------------+---------------------------------------------------------
           nsc_enr |    471,122    .0001125    .0106059          0          1
      nsc_enr_o~me |    471,122           0           0          0          0
      nsc_enr_4y~r |    471,122           0           0          0          0
      nsc_enr_2y~r |    471,122           0           0          0          0
      nsc_enr_lt~r |    471,122           0           0          0          0
      -------------+---------------------------------------------------------
      nsc_~e_4year |    471,122           0           0          0          0
      nsc_~e_2year |    471,122           0           0          0          0
      ns~e_lt2year |    471,122           0           0          0          0
       nsc_enr_pub |    471,122    .0000955    .0097728          0          1
      nsc_enr_priv |    471,122     .000017    .0041207          0          1
      -------------+---------------------------------------------------------
      nsc_en~e_pub |    471,122           0           0          0          0
      nsc_e~e_priv |    471,122           0           0          0          0
      nsc_enr_4y~b |    471,122           0           0          0          0
      nsc_enr_4y~v |    471,122           0           0          0          0
      nsc_enr_2y~b |    471,122           0           0          0          0
      -------------+---------------------------------------------------------
      nsc_enr_2y~v |    471,122           0           0          0          0
      nsc_enr_lt~b |    471,122           0           0          0          0
      nsc_enr_lt~v |    471,122           0           0          0          0
      ~e_4year_pub |    471,122           0           0          0          0
      nsc_enr_on.. |    471,122           0           0          0          0
      -------------+---------------------------------------------------------
      ~e_2year_pub |    471,122           0           0          0          0
      nsc_enr_on.. |    471,122           0           0          0          0
      nsc_enr_on.. |    471,122           0           0          0          0
      nsc_enr_on.. |    471,122           0           0          0          0
      nsc_enr_in~e |    471,122    .0001061    .0103014          0          1
      -------------+---------------------------------------------------------
      nsc_enr_ou~e |    471,122    6.37e-06    .0025234          0          1
      ns~e_instate |    471,122           0           0          0          0
      n~e_outstate |    471,122           0           0          0          0
      nsc_enr_4y.. |    471,122           0           0          0          0
      nsc_enr_4y.. |    471,122           0           0          0          0
      -------------+---------------------------------------------------------
      nsc_enr_2y.. |    471,122           0           0          0          0
      nsc_enr_2y.. |    471,122           0           0          0          0
      nsc_enr_lt.. |    471,122           0           0          0          0
      nsc_enr_lt.. |    471,122           0           0          0          0
      nsc_enr_on.. |    471,122           0           0          0          0
      -------------+---------------------------------------------------------
      nsc_enr_on.. |    471,122           0           0          0          0
      nsc_enr_on.. |    471,122           0           0          0          0
      nsc_enr_on.. |    471,122           0           0          0          0
      nsc_enr_on.. |    471,122           0           0          0          0
      nsc_enr_on.. |    471,122           0           0          0          0
      -------------+---------------------------------------------------------
        nsc_enr_uc |    471,122    4.25e-06    .0020604          0          1
      nsc_enr_uc~s |    471,122    4.25e-06    .0020604          0          1
      nsc_enr_on~c |    471,122           0           0          0          0
      nsc_enr_on~s |    471,122           0           0          0          0
      nsc_persis~2 |    471,122    .0000233     .004832          0          1
      -------------+---------------------------------------------------------
      nsc_~2_4year |    471,122           0           0          0          0
      nsc_pe~2year |    471,122           0           0          0          0
      nsc_persis~3 |    471,122    4.25e-06    .0020604          0          1
      nsc_~3_4year |    471,122           0           0          0          0
      nsc_persis~4 |    471,122           0           0          0          0
      -------------+---------------------------------------------------------
      nsc_~4_4year |    471,122           0           0          0          0
           nsc_deg |    471,122    6.37e-06    .0025234          0          1
      nsc_deg_4y~r |    471,122           0           0          0          0
      nsc_deg_2y~r |    471,122           0           0          0          0
      nsc_deg_lt~r |    471,122           0           0          0          0
      -------------+---------------------------------------------------------
      nsc_~n_4year |    471,122           0           0          0          0
      nsc_~n_2year |    471,122           0           0          0          0
      ns~n_lt2year |    471,122           0           0          0          0
      2012
      
          Variable |        Obs        Mean    Std. dev.       Min        Max
      -------------+---------------------------------------------------------
           nsc_enr |    472,904    .0000613    .0078307          0          1
      nsc_enr_o~me |    472,904           0           0          0          0
      nsc_enr_4y~r |    472,904           0           0          0          0
      nsc_enr_2y~r |    472,904           0           0          0          0
      nsc_enr_lt~r |    472,904           0           0          0          0
      -------------+---------------------------------------------------------
      nsc_~e_4year |    472,904           0           0          0          0
      nsc_~e_2year |    472,904           0           0          0          0
      ns~e_lt2year |    472,904           0           0          0          0
       nsc_enr_pub |    472,904    .0000529    .0072706          0          1
      nsc_enr_priv |    472,904    .0000106    .0032516          0          1
      -------------+---------------------------------------------------------
      nsc_en~e_pub |    472,904           0           0          0          0
      nsc_e~e_priv |    472,904           0           0          0          0
      nsc_enr_4y~b |    472,904           0           0          0          0
      nsc_enr_4y~v |    472,904           0           0          0          0
      nsc_enr_2y~b |    472,904           0           0          0          0
      -------------+---------------------------------------------------------
      nsc_enr_2y~v |    472,904           0           0          0          0
      nsc_enr_lt~b |    472,904           0           0          0          0
      nsc_enr_lt~v |    472,904           0           0          0          0
      ~e_4year_pub |    472,904           0           0          0          0
      nsc_enr_on.. |    472,904           0           0          0          0
      -------------+---------------------------------------------------------
      ~e_2year_pub |    472,904           0           0          0          0
      nsc_enr_on.. |    472,904           0           0          0          0
      nsc_enr_on.. |    472,904           0           0          0          0
      nsc_enr_on.. |    472,904           0           0          0          0
      nsc_enr_in~e |    472,904    .0000571    .0075559          0          1
      -------------+---------------------------------------------------------
      nsc_enr_ou~e |    472,904    4.23e-06    .0020565          0          1
      ns~e_instate |    472,904           0           0          0          0
      n~e_outstate |    472,904           0           0          0          0
      nsc_enr_4y.. |    472,904           0           0          0          0
      nsc_enr_4y.. |    472,904           0           0          0          0
      -------------+---------------------------------------------------------
      nsc_enr_2y.. |    472,904           0           0          0          0
      nsc_enr_2y.. |    472,904           0           0          0          0
      nsc_enr_lt.. |    472,904           0           0          0          0
      nsc_enr_lt.. |    472,904           0           0          0          0
      nsc_enr_on.. |    472,904           0           0          0          0
      -------------+---------------------------------------------------------
      nsc_enr_on.. |    472,904           0           0          0          0
      nsc_enr_on.. |    472,904           0           0          0          0
      nsc_enr_on.. |    472,904           0           0          0          0
      nsc_enr_on.. |    472,904           0           0          0          0
      nsc_enr_on.. |    472,904           0           0          0          0
      -------------+---------------------------------------------------------
        nsc_enr_uc |    472,904           0           0          0          0
      nsc_enr_uc~s |    472,904           0           0          0          0
      nsc_enr_on~c |    472,904           0           0          0          0
      nsc_enr_on~s |    472,904           0           0          0          0
      nsc_persis~2 |    472,904    .0000233    .0048229          0          1
      -------------+---------------------------------------------------------
      nsc_~2_4year |    472,904           0           0          0          0
      nsc_pe~2year |    472,904           0           0          0          0
      nsc_persis~3 |    472,904           0           0          0          0
      nsc_~3_4year |    472,904           0           0          0          0
      nsc_persis~4 |    472,904           0           0          0          0
      -------------+---------------------------------------------------------
      nsc_~4_4year |    472,904           0           0          0          0
           nsc_deg |    472,904    4.23e-06    .0020565          0          1
      nsc_deg_4y~r |    472,904           0           0          0          0
      nsc_deg_2y~r |    472,904           0           0          0          0
      nsc_deg_lt~r |    472,904           0           0          0          0
      -------------+---------------------------------------------------------
      nsc_~n_4year |    472,904           0           0          0          0
      nsc_~n_2year |    472,904           0           0          0          0
      ns~n_lt2year |    472,904           0           0          0          0
      2011
      
          Variable |        Obs        Mean    Std. dev.       Min        Max
      -------------+---------------------------------------------------------
           nsc_enr |    475,950    .0000546    .0073909          0          1
      nsc_enr_o~me |    475,950           0           0          0          0
      nsc_enr_4y~r |    475,950           0           0          0          0
      nsc_enr_2y~r |    475,950           0           0          0          0
      nsc_enr_lt~r |    475,950           0           0          0          0
      -------------+---------------------------------------------------------
      nsc_~e_4year |    475,950           0           0          0          0
      nsc_~e_2year |    475,950           0           0          0          0
      ns~e_lt2year |    475,950           0           0          0          0
       nsc_enr_pub |    475,950    .0000483    .0069514          0          1
      nsc_enr_priv |    475,950    .0000105    .0032412          0          1
      -------------+---------------------------------------------------------
      nsc_en~e_pub |    475,950           0           0          0          0
      nsc_e~e_priv |    475,950           0           0          0          0
      nsc_enr_4y~b |    475,950           0           0          0          0
      nsc_enr_4y~v |    475,950           0           0          0          0
      nsc_enr_2y~b |    475,950           0           0          0          0
      -------------+---------------------------------------------------------
      nsc_enr_2y~v |    475,950           0           0          0          0
      nsc_enr_lt~b |    475,950           0           0          0          0
      nsc_enr_lt~v |    475,950           0           0          0          0
      ~e_4year_pub |    475,950           0           0          0          0
      nsc_enr_on.. |    475,950           0           0          0          0
      -------------+---------------------------------------------------------
      ~e_2year_pub |    475,950           0           0          0          0
      nsc_enr_on.. |    475,950           0           0          0          0
      nsc_enr_on.. |    475,950           0           0          0          0
      nsc_enr_on.. |    475,950           0           0          0          0
      nsc_enr_in~e |    475,950    .0000483    .0069514          0          1
      -------------+---------------------------------------------------------
      nsc_enr_ou~e |    475,950    8.40e-06     .002899          0          1
      ns~e_instate |    475,950           0           0          0          0
      n~e_outstate |    475,950           0           0          0          0
      nsc_enr_4y.. |    475,950           0           0          0          0
      nsc_enr_4y.. |    475,950           0           0          0          0
      -------------+---------------------------------------------------------
      nsc_enr_2y.. |    475,950           0           0          0          0
      nsc_enr_2y.. |    475,950           0           0          0          0
      nsc_enr_lt.. |    475,950           0           0          0          0
      nsc_enr_lt.. |    475,950           0           0          0          0
      nsc_enr_on.. |    475,950           0           0          0          0
      -------------+---------------------------------------------------------
      nsc_enr_on.. |    475,950           0           0          0          0
      nsc_enr_on.. |    475,950           0           0          0          0
      nsc_enr_on.. |    475,950           0           0          0          0
      nsc_enr_on.. |    475,950           0           0          0          0
      nsc_enr_on.. |    475,950           0           0          0          0
      -------------+---------------------------------------------------------
        nsc_enr_uc |    475,950           0           0          0          0
      nsc_enr_uc~s |    475,950           0           0          0          0
      nsc_enr_on~c |    475,950           0           0          0          0
      nsc_enr_on~s |    475,950           0           0          0          0
      nsc_persis~2 |    475,950    .0000126    .0035505          0          1
      -------------+---------------------------------------------------------
      nsc_~2_4year |    475,950           0           0          0          0
      nsc_pe~2year |    475,950           0           0          0          0
      nsc_persis~3 |    475,950           0           0          0          0
      nsc_~3_4year |    475,950           0           0          0          0
      nsc_persis~4 |    475,950           0           0          0          0
      -------------+---------------------------------------------------------
      nsc_~4_4year |    475,950           0           0          0          0
           nsc_deg |    475,950    2.10e-06    .0014495          0          1
      nsc_deg_4y~r |    475,950           0           0          0          0
      nsc_deg_2y~r |    475,950           0           0          0          0
      nsc_deg_lt~r |    475,950           0           0          0          0
      -------------+---------------------------------------------------------
      nsc_~n_4year |    475,950           0           0          0          0
      nsc_~n_2year |    475,950           0           0          0          0
      ns~n_lt2year |    475,950           0           0          0          0
      2010
      
          Variable |        Obs        Mean    Std. dev.       Min        Max
      -------------+---------------------------------------------------------
           nsc_enr |    473,469    .0000401    .0063347          0          1
      nsc_enr_o~me |    473,469           0           0          0          0
      nsc_enr_4y~r |    473,469           0           0          0          0
      nsc_enr_2y~r |    473,469           0           0          0          0
      nsc_enr_lt~r |    473,469           0           0          0          0
      -------------+---------------------------------------------------------
      nsc_~e_4year |    473,469           0           0          0          0
      nsc_~e_2year |    473,469           0           0          0          0
      ns~e_lt2year |    473,469           0           0          0          0
       nsc_enr_pub |    473,469     .000038    .0061657          0          1
      nsc_enr_priv |    473,469    4.22e-06    .0020553          0          1
      -------------+---------------------------------------------------------
      nsc_en~e_pub |    473,469           0           0          0          0
      nsc_e~e_priv |    473,469           0           0          0          0
      nsc_enr_4y~b |    473,469           0           0          0          0
      nsc_enr_4y~v |    473,469           0           0          0          0
      nsc_enr_2y~b |    473,469           0           0          0          0
      -------------+---------------------------------------------------------
      nsc_enr_2y~v |    473,469           0           0          0          0
      nsc_enr_lt~b |    473,469           0           0          0          0
      nsc_enr_lt~v |    473,469           0           0          0          0
      ~e_4year_pub |    473,469           0           0          0          0
      nsc_enr_on.. |    473,469           0           0          0          0
      -------------+---------------------------------------------------------
      ~e_2year_pub |    473,469           0           0          0          0
      nsc_enr_on.. |    473,469           0           0          0          0
      nsc_enr_on.. |    473,469           0           0          0          0
      nsc_enr_on.. |    473,469           0           0          0          0
      nsc_enr_in~e |    473,469    .0000338    .0058131          0          1
      -------------+---------------------------------------------------------
      nsc_enr_ou~e |    473,469    6.34e-06    .0025172          0          1
      ns~e_instate |    473,469           0           0          0          0
      n~e_outstate |    473,469           0           0          0          0
      nsc_enr_4y.. |    473,469           0           0          0          0
      nsc_enr_4y.. |    473,469           0           0          0          0
      -------------+---------------------------------------------------------
      nsc_enr_2y.. |    473,469           0           0          0          0
      nsc_enr_2y.. |    473,469           0           0          0          0
      nsc_enr_lt.. |    473,469           0           0          0          0
      nsc_enr_lt.. |    473,469           0           0          0          0
      nsc_enr_on.. |    473,469           0           0          0          0
      -------------+---------------------------------------------------------
      nsc_enr_on.. |    473,469           0           0          0          0
      nsc_enr_on.. |    473,469           0           0          0          0
      nsc_enr_on.. |    473,469           0           0          0          0
      nsc_enr_on.. |    473,469           0           0          0          0
      nsc_enr_on.. |    473,469           0           0          0          0
      -------------+---------------------------------------------------------
        nsc_enr_uc |    473,469    2.11e-06    .0014533          0          1
      nsc_enr_uc~s |    473,469    2.11e-06    .0014533          0          1
      nsc_enr_on~c |    473,469           0           0          0          0
      nsc_enr_on~s |    473,469           0           0          0          0
      nsc_persis~2 |    473,469    .0000169    .0041105          0          1
      -------------+---------------------------------------------------------
      nsc_~2_4year |    473,469           0           0          0          0
      nsc_pe~2year |    473,469           0           0          0          0
      nsc_persis~3 |    473,469           0           0          0          0
      nsc_~3_4year |    473,469           0           0          0          0
      nsc_persis~4 |    473,469           0           0          0          0
      -------------+---------------------------------------------------------
      nsc_~4_4year |    473,469           0           0          0          0
           nsc_deg |    473,469    2.11e-06    .0014533          0          1
      nsc_deg_4y~r |    473,469           0           0          0          0
      nsc_deg_2y~r |    473,469           0           0          0          0
      nsc_deg_lt~r |    473,469           0           0          0          0
      -------------+---------------------------------------------------------
      nsc_~n_4year |    473,469           0           0          0          0
      nsc_~n_2year |    473,469           0           0          0          0
      ns~n_lt2year |    473,469           0           0          0          0
      (file
          /home/research/ca_ed_lab/chesun/gsr/caschls/out/txt/outcomesumstats/nsc201
          > 9new/nsc_2019_final_sumstats_all.txt not found)
