->tab year if grade==11

    Year of |
     Spring |
   Semester |      Freq.     Percent        Cum.
------------+-----------------------------------
       2003 |    344,921        4.98        4.98
       2004 |    357,598        5.17       10.15
       2005 |    374,400        5.41       15.56
       2006 |    381,867        5.52       21.07
       2007 |    407,531        5.89       26.96
       2008 |    409,660        5.92       32.88
       2009 |    413,852        5.98       38.86
       2010 |    416,821        6.02       44.88
       2011 |    420,677        6.08       50.95
       2012 |    419,140        6.05       57.01
       2013 |    420,513        6.07       63.08
       2015 |    424,011        6.13       69.21
       2016 |    428,138        6.18       75.39
       2017 |    472,994        6.83       82.23
       2018 |    557,079        8.05       90.27
       2019 |    673,301        9.73      100.00
------------+-----------------------------------
      Total |  6,922,503      100.00




->tab year if grade==11 & k12_nsc_match==1

    Year of |
     Spring |
   Semester |      Freq.     Percent        Cum.
------------+-----------------------------------
       2003 |        219        0.02        0.02
       2004 |         19        0.00        0.02
       2005 |         78        0.01        0.03
       2006 |        120        0.01        0.04
       2007 |        215        0.02        0.07
       2008 |        296        0.03        0.10
       2009 |        505        0.05        0.15
       2010 |      1,262        0.13        0.28
       2011 |      2,057        0.21        0.49
       2012 |      4,391        0.45        0.93
       2013 |     14,476        1.48        2.41
       2015 |    134,295       13.69       16.10
       2016 |    391,066       39.87       55.98
       2017 |    428,609       43.70       99.68
       2018 |      2,747        0.28       99.96
       2019 |        383        0.04      100.00
------------+-----------------------------------
      Total |    980,738      100.00




->egen tag_ssid = tag(state_student_id) if grade==11 & k12_nsc_match==1
->tab year if grade==11 & k12_nsc_match==1 & tag_ssid==1

    Year of |
     Spring |
   Semester |      Freq.     Percent        Cum.
------------+-----------------------------------
       2003 |        175        0.02        0.02
       2004 |         13        0.00        0.02
       2005 |         51        0.01        0.03
       2006 |        115        0.01        0.04
       2007 |        198        0.02        0.06
       2008 |        271        0.03        0.09
       2009 |        459        0.05        0.14
       2010 |      1,184        0.13        0.26
       2011 |      1,927        0.21        0.47
       2012 |      4,108        0.44        0.91
       2013 |     13,903        1.49        2.40
       2015 |    132,156       14.17       16.57
       2016 |    387,920       41.59       58.16
       2017 |    388,006       41.60       99.76
       2018 |      2,003        0.21       99.98
       2019 |        228        0.02      100.00
------------+-----------------------------------
      Total |    932,717      100.00
