                                                       ___  ____  ____  ____  ____(R)
                                                      /__    /   ____/   /   ____/   
                                                     ___/   /   /___/   /   /___/    
                                                       Statistics/Data analysis      
      
      2018
      
          Variable |        Obs        Mean    Std. dev.       Min        Max
      -------------+---------------------------------------------------------
           nsc_enr |    381,665     .713356    .4521944          0          1
      nsc_enr_o~me |    381,665    .6835235    .4651018          0          1
      nsc_enr_4y~r |    381,665           0           0          0          0
      nsc_enr_2y~r |    381,665           0           0          0          0
      nsc_enr_lt~r |    381,665           0           0          0          0
      -------------+---------------------------------------------------------
      nsc_~e_4year |    381,665           0           0          0          0
      nsc_~e_2year |    381,665           0           0          0          0
      ns~e_lt2year |    381,665           0           0          0          0
       nsc_enr_pub |    381,665     .661423    .4732264          0          1
      nsc_enr_priv |    381,665    .0756658     .264463          0          1
      -------------+---------------------------------------------------------
      nsc_en~e_pub |    381,665    .6231512    .4845972          0          1
      nsc_e~e_priv |    381,665    .0648946    .2463401          0          1
      nsc_enr_4y~b |    381,665           0           0          0          0
      nsc_enr_4y~v |    381,665           0           0          0          0
      nsc_enr_2y~b |    381,665           0           0          0          0
      -------------+---------------------------------------------------------
      nsc_enr_2y~v |    381,665           0           0          0          0
      nsc_enr_lt~b |    381,665           0           0          0          0
      nsc_enr_lt~v |    381,665           0           0          0          0
      ~e_4year_pub |    381,665           0           0          0          0
      nsc_enr_on.. |    381,665           0           0          0          0
      -------------+---------------------------------------------------------
      ~e_2year_pub |    381,665           0           0          0          0
      nsc_enr_on.. |    381,665           0           0          0          0
      nsc_enr_on.. |    381,665           0           0          0          0
      nsc_enr_on.. |    381,665           0           0          0          0
      nsc_enr_in~e |    381,665    .6487574    .4773592          0          1
      -------------+---------------------------------------------------------
      nsc_enr_ou~e |    381,665    .0853052    .2793357          0          1
      ns~e_instate |    381,665    .6127939     .487112          0          1
      n~e_outstate |    381,665    .0751523    .2636373          0          1
      nsc_enr_4y.. |    381,665           0           0          0          0
      nsc_enr_4y.. |    381,665           0           0          0          0
      -------------+---------------------------------------------------------
      nsc_enr_2y.. |    381,665           0           0          0          0
      nsc_enr_2y.. |    381,665           0           0          0          0
      nsc_enr_lt.. |    381,665           0           0          0          0
      nsc_enr_lt.. |    381,665           0           0          0          0
      nsc_enr_on.. |    381,665           0           0          0          0
      -------------+---------------------------------------------------------
      nsc_enr_on.. |    381,665           0           0          0          0
      nsc_enr_on.. |    381,665           0           0          0          0
      nsc_enr_on.. |    381,665           0           0          0          0
      nsc_enr_on.. |    381,665           0           0          0          0
      nsc_enr_on.. |    381,665           0           0          0          0
      -------------+---------------------------------------------------------
        nsc_enr_uc |    381,665    .0840056    .2773966          0          1
      nsc_enr_uc~s |    381,665    .0882659    .2836816          0          1
      nsc_enr_on~c |    381,665    .0801881    .2715846          0          1
      nsc_enr_on~s |    381,665    .0834842    .2766131          0          1
      nsc_persis~2 |    381,665    .5067245    .4999554          0          1
      -------------+---------------------------------------------------------
      nsc_~2_4year |    381,665           0           0          0          0
      nsc_pe~2year |    381,665           0           0          0          0
      nsc_persis~3 |    381,665    .0129328    .1129849          0          1
      nsc_~3_4year |    381,665           0           0          0          0
      nsc_persis~4 |    381,665    5.24e-06    .0022891          0          1
      -------------+---------------------------------------------------------
      nsc_~4_4year |    381,665           0           0          0          0
           nsc_deg |    381,665    .0255984     .157934          0          1
      nsc_deg_4y~r |    381,665           0           0          0          0
      nsc_deg_2y~r |    381,665           0           0          0          0
      nsc_deg_lt~r |    381,665           0           0          0          0
      -------------+---------------------------------------------------------
      nsc_~n_4year |    381,665           0           0          0          0
      nsc_~n_2year |    381,665           0           0          0          0
      ns~n_lt2year |    381,665           0           0          0          0
