                                                       ___  ____  ____  ____  ____(R)
                                                      /__    /   ____/   /   ____/   
                                                     ___/   /   /___/   /   /___/    
                                                       Statistics/Data analysis      
      
      2018
      
          Variable |        Obs        Mean    Std. dev.       Min        Max
      -------------+---------------------------------------------------------
           nsc_enr |    466,843    .6305739    .4826499          0          1
      nsc_enr_o~me |    466,843    .6052227    .4888033          0          1
      nsc_enr_4y~r |    466,843           0           0          0          0
      nsc_enr_2y~r |    466,843           0           0          0          0
      nsc_enr_lt~r |    466,843           0           0          0          0
      -------------+---------------------------------------------------------
      nsc_~e_4year |    466,843           0           0          0          0
      nsc_~e_2year |    466,843           0           0          0          0
      ns~e_lt2year |    466,843           0           0          0          0
       nsc_enr_pub |    466,843    .5841043    .4928762          0          1
      nsc_enr_priv |    466,843    .0637966    .2443905          0          1
      -------------+---------------------------------------------------------
      nsc_en~e_pub |    466,843    .5534195    .4971387          0          1
      nsc_e~e_priv |    466,843    .0557339    .2294075          0          1
      nsc_enr_4y~b |    466,843           0           0          0          0
      nsc_enr_4y~v |    466,843           0           0          0          0
      nsc_enr_2y~b |    466,843           0           0          0          0
      -------------+---------------------------------------------------------
      nsc_enr_2y~v |    466,843           0           0          0          0
      nsc_enr_lt~b |    466,843           0           0          0          0
      nsc_enr_lt~v |    466,843           0           0          0          0
      ~e_4year_pub |    466,843           0           0          0          0
      nsc_enr_on.. |    466,843           0           0          0          0
      -------------+---------------------------------------------------------
      ~e_2year_pub |    466,843           0           0          0          0
      nsc_enr_on.. |    466,843           0           0          0          0
      nsc_enr_on.. |    466,843           0           0          0          0
      nsc_enr_on.. |    466,843           0           0          0          0
      nsc_enr_in~e |    466,843    .5743387    .4944434          0          1
      -------------+---------------------------------------------------------
      nsc_enr_ou~e |    466,843    .0717308    .2580418          0          1
      ns~e_instate |    466,843    .5447891    .4979904          0          1
      n~e_outstate |    466,843    .0641693    .2450546          0          1
      nsc_enr_4y.. |    466,843           0           0          0          0
      nsc_enr_4y.. |    466,843           0           0          0          0
      -------------+---------------------------------------------------------
      nsc_enr_2y.. |    466,843           0           0          0          0
      nsc_enr_2y.. |    466,843           0           0          0          0
      nsc_enr_lt.. |    466,843           0           0          0          0
      nsc_enr_lt.. |    466,843           0           0          0          0
      nsc_enr_on.. |    466,843           0           0          0          0
      -------------+---------------------------------------------------------
      nsc_enr_on.. |    466,843           0           0          0          0
      nsc_enr_on.. |    466,843           0           0          0          0
      nsc_enr_on.. |    466,843           0           0          0          0
      nsc_enr_on.. |    466,843           0           0          0          0
      nsc_enr_on.. |    466,843           0           0          0          0
      -------------+---------------------------------------------------------
        nsc_enr_uc |    466,843    .0695737    .2544275          0          1
      nsc_enr_uc~s |    466,843    .0731359    .2603598          0          1
      nsc_enr_on~c |    466,843    .0680828    .2518883          0          1
      nsc_enr_on~s |    466,843    .0708461    .2565678          0          1
      nsc_persis~2 |    466,843    .4368428    .4959957          0          1
      -------------+---------------------------------------------------------
      nsc_~2_4year |    466,843           0           0          0          0
      nsc_pe~2year |    466,843           0           0          0          0
      nsc_persis~3 |    466,843    .0000364    .0060344          0          1
      nsc_~3_4year |    466,843           0           0          0          0
      nsc_persis~4 |    466,843    2.14e-06    .0014636          0          1
      -------------+---------------------------------------------------------
      nsc_~4_4year |    466,843           0           0          0          0
           nsc_deg |    466,843    .0056636    .0750434          0          1
      nsc_deg_4y~r |    466,843           0           0          0          0
      nsc_deg_2y~r |    466,843           0           0          0          0
      nsc_deg_lt~r |    466,843           0           0          0          0
      -------------+---------------------------------------------------------
      nsc_~n_4year |    466,843           0           0          0          0
      nsc_~n_2year |    466,843           0           0          0          0
      ns~n_lt2year |    466,843           0           0          0          0
