                                                       ___  ____  ____  ____  ____(R)
                                                      /__    /   ____/   /   ____/   
                                                     ___/   /   /___/   /   /___/    
                                                       Statistics/Data analysis      
      
      2018
      
          Variable |        Obs        Mean    Std. dev.       Min        Max
      -------------+---------------------------------------------------------
           nsc_enr |    419,925    .6712984    .4697418          0          1
      nsc_enr_o~me |    419,925    .6458749    .4782479          0          1
      nsc_enr_4y~r |    419,925           0           0          0          0
      nsc_enr_2y~r |    419,925           0           0          0          0
      nsc_enr_lt~r |    419,925           0           0          0          0
      -------------+---------------------------------------------------------
      nsc_~e_4year |    419,925           0           0          0          0
      nsc_~e_2year |    419,925           0           0          0          0
      ns~e_lt2year |    419,925           0           0          0          0
       nsc_enr_pub |    419,925    .6217753    .4849447          0          1
      nsc_enr_priv |    419,925    .0681384    .2519835          0          1
      -------------+---------------------------------------------------------
      nsc_en~e_pub |    419,925     .590153    .4918059          0          1
      nsc_e~e_priv |    419,925    .0599131     .237326          0          1
      nsc_enr_4y~b |    419,925           0           0          0          0
      nsc_enr_4y~v |    419,925           0           0          0          0
      nsc_enr_2y~b |    419,925           0           0          0          0
      -------------+---------------------------------------------------------
      nsc_enr_2y~v |    419,925           0           0          0          0
      nsc_enr_lt~b |    419,925           0           0          0          0
      nsc_enr_lt~v |    419,925           0           0          0          0
      ~e_4year_pub |    419,925           0           0          0          0
      nsc_enr_on.. |    419,925           0           0          0          0
      -------------+---------------------------------------------------------
      ~e_2year_pub |    419,925           0           0          0          0
      nsc_enr_on.. |    419,925           0           0          0          0
      nsc_enr_on.. |    419,925           0           0          0          0
      nsc_enr_on.. |    419,925           0           0          0          0
      nsc_enr_in~e |    419,925    .6108615    .4875554          0          1
      -------------+---------------------------------------------------------
      nsc_enr_ou~e |    419,925    .0772447    .2669797          0          1
      ns~e_instate |    419,925    .5805918    .4934628          0          1
      n~e_outstate |    419,925    .0693219     .254001          0          1
      nsc_enr_4y.. |    419,925           0           0          0          0
      nsc_enr_4y.. |    419,925           0           0          0          0
      -------------+---------------------------------------------------------
      nsc_enr_2y.. |    419,925           0           0          0          0
      nsc_enr_2y.. |    419,925           0           0          0          0
      nsc_enr_lt.. |    419,925           0           0          0          0
      nsc_enr_lt.. |    419,925           0           0          0          0
      nsc_enr_on.. |    419,925           0           0          0          0
      -------------+---------------------------------------------------------
      nsc_enr_on.. |    419,925           0           0          0          0
      nsc_enr_on.. |    419,925           0           0          0          0
      nsc_enr_on.. |    419,925           0           0          0          0
      nsc_enr_on.. |    419,925           0           0          0          0
      nsc_enr_on.. |    419,925           0           0          0          0
      -------------+---------------------------------------------------------
        nsc_enr_uc |    419,925    .0757135    .2645395          0          1
      nsc_enr_uc~s |    419,925    .0796166     .270699          0          1
      nsc_enr_on~c |    419,925    .0741323    .2619864          0          1
      nsc_enr_on~s |    419,925    .0771543    .2668364          0          1
      nsc_persis~2 |    419,925    .4721034    .4992218          0          1
      -------------+---------------------------------------------------------
      nsc_~2_4year |    419,925           0           0          0          0
      nsc_pe~2year |    419,925           0           0          0          0
      nsc_persis~3 |    419,925     .000031    .0055639          0          1
      nsc_~3_4year |    419,925           0           0          0          0
      nsc_persis~4 |    419,925    2.38e-06    .0015432          0          1
      -------------+---------------------------------------------------------
      nsc_~4_4year |    419,925           0           0          0          0
           nsc_deg |    419,925    .0057701    .0757417          0          1
      nsc_deg_4y~r |    419,925           0           0          0          0
      nsc_deg_2y~r |    419,925           0           0          0          0
      nsc_deg_lt~r |    419,925           0           0          0          0
      -------------+---------------------------------------------------------
      nsc_~n_4year |    419,925           0           0          0          0
      nsc_~n_2year |    419,925           0           0          0          0
      ns~n_lt2year |    419,925           0           0          0          0
