                                                       ___  ____  ____  ____  ____(R)
                                                      /__    /   ____/   /   ____/   
                                                     ___/   /   /___/   /   /___/    
                                                       Statistics/Data analysis      
      
      2018
      
          Variable |        Obs        Mean    Std. dev.       Min        Max
      -------------+---------------------------------------------------------
           nsc_enr |    408,783    .7201351    .4489332          0          1
      nsc_enr_o~me |    408,783    .6911833    .4620059          0          1
      nsc_enr_4y~r |    408,783           0           0          0          0
      nsc_enr_2y~r |    408,783           0           0          0          0
      nsc_enr_lt~r |    408,783           0           0          0          0
      -------------+---------------------------------------------------------
      nsc_~e_4year |    408,783           0           0          0          0
      nsc_~e_2year |    408,783           0           0          0          0
      ns~e_lt2year |    408,783           0           0          0          0
       nsc_enr_pub |    408,783    .6670654    .4712639          0          1
      nsc_enr_priv |    408,783    .0728577    .2599031          0          1
      -------------+---------------------------------------------------------
      nsc_en~e_pub |    408,783    .6320224    .4822558          0          1
      nsc_e~e_priv |    408,783    .0636499    .2441285          0          1
      nsc_enr_4y~b |    408,783           0           0          0          0
      nsc_enr_4y~v |    408,783           0           0          0          0
      nsc_enr_2y~b |    408,783           0           0          0          0
      -------------+---------------------------------------------------------
      nsc_enr_2y~v |    408,783           0           0          0          0
      nsc_enr_lt~b |    408,783           0           0          0          0
      nsc_enr_lt~v |    408,783           0           0          0          0
      ~e_4year_pub |    408,783           0           0          0          0
      nsc_enr_on.. |    408,783           0           0          0          0
      -------------+---------------------------------------------------------
      ~e_2year_pub |    408,783           0           0          0          0
      nsc_enr_on.. |    408,783           0           0          0          0
      nsc_enr_on.. |    408,783           0           0          0          0
      nsc_enr_on.. |    408,783           0           0          0          0
      nsc_enr_in~e |    408,783    .6559128    .4750703          0          1
      -------------+---------------------------------------------------------
      nsc_enr_ou~e |    408,783    .0819188    .2742413          0          1
      ns~e_instate |    408,783    .6221663    .4848463          0          1
      n~e_outstate |    408,783    .0732834    .2606014          0          1
      nsc_enr_4y.. |    408,783           0           0          0          0
      nsc_enr_4y.. |    408,783           0           0          0          0
      -------------+---------------------------------------------------------
      nsc_enr_2y.. |    408,783           0           0          0          0
      nsc_enr_2y.. |    408,783           0           0          0          0
      nsc_enr_lt.. |    408,783           0           0          0          0
      nsc_enr_lt.. |    408,783           0           0          0          0
      nsc_enr_on.. |    408,783           0           0          0          0
      -------------+---------------------------------------------------------
      nsc_enr_on.. |    408,783           0           0          0          0
      nsc_enr_on.. |    408,783           0           0          0          0
      nsc_enr_on.. |    408,783           0           0          0          0
      nsc_enr_on.. |    408,783           0           0          0          0
      nsc_enr_on.. |    408,783           0           0          0          0
      -------------+---------------------------------------------------------
        nsc_enr_uc |    408,783    .0794554    .2704485          0          1
      nsc_enr_uc~s |    408,783    .0835235    .2766723          0          1
      nsc_enr_on~c |    408,783    .0777527    .2677824          0          1
      nsc_enr_on~s |    408,783    .0809085    .2726948          0          1
      nsc_persis~2 |    408,783    .4988882    .4999994          0          1
      -------------+---------------------------------------------------------
      nsc_~2_4year |    408,783           0           0          0          0
      nsc_pe~2year |    408,783           0           0          0          0
      nsc_persis~3 |    408,783    .0000416    .0064487          0          1
      nsc_~3_4year |    408,783           0           0          0          0
      nsc_persis~4 |    408,783    2.45e-06    .0015641          0          1
      -------------+---------------------------------------------------------
      nsc_~4_4year |    408,783           0           0          0          0
           nsc_deg |    408,783     .006468    .0801633          0          1
      nsc_deg_4y~r |    408,783           0           0          0          0
      nsc_deg_2y~r |    408,783           0           0          0          0
      nsc_deg_lt~r |    408,783           0           0          0          0
      -------------+---------------------------------------------------------
      nsc_~n_4year |    408,783           0           0          0          0
      nsc_~n_2year |    408,783           0           0          0          0
      ns~n_lt2year |    408,783           0           0          0          0
