                                                       ___  ____  ____  ____  ____(R)
                                                      /__    /   ____/   /   ____/   
                                                     ___/   /   /___/   /   /___/    
                                                       Statistics/Data analysis      
      
      2018
      
          Variable |        Obs        Mean    Std. dev.       Min        Max
      -------------+---------------------------------------------------------
           nsc_enr |    466,843    .6086864    .4880448          0          1
      nsc_enr_o~me |    466,843    .5816731    .4932849          0          1
      nsc_enr_4y~r |    466,843           0           0          0          0
      nsc_enr_2y~r |    466,843           0           0          0          0
      nsc_enr_lt~r |    466,843           0           0          0          0
      -------------+---------------------------------------------------------
      nsc_~e_4year |    466,843           0           0          0          0
      nsc_~e_2year |    466,843           0           0          0          0
      ns~e_lt2year |    466,843           0           0          0          0
       nsc_enr_pub |    466,843    .5643503    .4958423          0          1
      nsc_enr_priv |    466,843    .0644135    .2454884          0          1
      -------------+---------------------------------------------------------
      nsc_en~e_pub |    466,843    .5307116    .4990564          0          1
      nsc_e~e_priv |    466,843    .0548129    .2276149          0          1
      nsc_enr_4y~b |    466,843           0           0          0          0
      nsc_enr_4y~v |    466,843           0           0          0          0
      nsc_enr_2y~b |    466,843           0           0          0          0
      -------------+---------------------------------------------------------
      nsc_enr_2y~v |    466,843           0           0          0          0
      nsc_enr_lt~b |    466,843           0           0          0          0
      nsc_enr_lt~v |    466,843           0           0          0          0
      ~e_4year_pub |    466,843           0           0          0          0
      nsc_enr_on.. |    466,843           0           0          0          0
      -------------+---------------------------------------------------------
      ~e_2year_pub |    466,843           0           0          0          0
      nsc_enr_on.. |    466,843           0           0          0          0
      nsc_enr_on.. |    466,843           0           0          0          0
      nsc_enr_on.. |    466,843           0           0          0          0
      nsc_enr_in~e |    466,843    .5540792    .4970674          0          1
      -------------+---------------------------------------------------------
      nsc_enr_ou~e |    466,843     .071945     .258397          0          1
      ns~e_instate |    466,843    .5222312    .4995061          0          1
      n~e_outstate |    466,843    .0631583    .2432477          0          1
      nsc_enr_4y.. |    466,843           0           0          0          0
      nsc_enr_4y.. |    466,843           0           0          0          0
      -------------+---------------------------------------------------------
      nsc_enr_2y.. |    466,843           0           0          0          0
      nsc_enr_2y.. |    466,843           0           0          0          0
      nsc_enr_lt.. |    466,843           0           0          0          0
      nsc_enr_lt.. |    466,843           0           0          0          0
      nsc_enr_on.. |    466,843           0           0          0          0
      -------------+---------------------------------------------------------
      nsc_enr_on.. |    466,843           0           0          0          0
      nsc_enr_on.. |    466,843           0           0          0          0
      nsc_enr_on.. |    466,843           0           0          0          0
      nsc_enr_on.. |    466,843           0           0          0          0
      nsc_enr_on.. |    466,843           0           0          0          0
      -------------+---------------------------------------------------------
        nsc_enr_uc |    466,843    .0701542     .255407          0          1
      nsc_enr_uc~s |    466,843    .0736907    .2612672          0          1
      nsc_enr_on~c |    466,843    .0669219    .2498869          0          1
      nsc_enr_on~s |    466,843    .0696615     .254576          0          1
      nsc_persis~2 |    466,843    .4260083    .4944955          0          1
      -------------+---------------------------------------------------------
      nsc_~2_4year |    466,843           0           0          0          0
      nsc_pe~2year |    466,843           0           0          0          0
      nsc_persis~3 |    466,843    .0109523    .1040786          0          1
      nsc_~3_4year |    466,843           0           0          0          0
      nsc_persis~4 |    466,843    4.28e-06    .0020698          0          1
      -------------+---------------------------------------------------------
      nsc_~4_4year |    466,843           0           0          0          0
           nsc_deg |    466,843    .0217696    .1459307          0          1
      nsc_deg_4y~r |    466,843           0           0          0          0
      nsc_deg_2y~r |    466,843           0           0          0          0
      nsc_deg_lt~r |    466,843           0           0          0          0
      -------------+---------------------------------------------------------
      nsc_~n_4year |    466,843           0           0          0          0
      nsc_~n_2year |    466,843           0           0          0          0
      ns~n_lt2year |    466,843           0           0          0          0
