                                                       ___  ____  ____  ____  ____(R)
                                                      /__    /   ____/   /   ____/   
                                                     ___/   /   /___/   /   /___/    
                                                       Statistics/Data analysis      
      
      2019
      
          Variable |        Obs        Mean    Std. dev.       Min        Max
      -------------+---------------------------------------------------------
           nsc_enr |    420,330    .0035591    .0595521          0          1
      nsc_enr_o~me |    420,330    .0026646    .0515507          0          1
      nsc_enr_4y~r |    420,330           0           0          0          0
      nsc_enr_2y~r |    420,330           0           0          0          0
      nsc_enr_lt~r |    420,330           0           0          0          0
      -------------+---------------------------------------------------------
      nsc_~e_4year |    420,330           0           0          0          0
      nsc_~e_2year |    420,330           0           0          0          0
      ns~e_lt2year |    420,330           0           0          0          0
       nsc_enr_pub |    420,330    .0033688    .0579434          0          1
      nsc_enr_priv |    420,330    .0002998    .0173111          0          1
      -------------+---------------------------------------------------------
      nsc_en~e_pub |    420,330    .0025123      .05006          0          1
      nsc_e~e_priv |    420,330    .0001951    .0139659          0          1
      nsc_enr_4y~b |    420,330           0           0          0          0
      nsc_enr_4y~v |    420,330           0           0          0          0
      nsc_enr_2y~b |    420,330           0           0          0          0
      -------------+---------------------------------------------------------
      nsc_enr_2y~v |    420,330           0           0          0          0
      nsc_enr_lt~b |    420,330           0           0          0          0
      nsc_enr_lt~v |    420,330           0           0          0          0
      ~e_4year_pub |    420,330           0           0          0          0
      nsc_enr_on.. |    420,330           0           0          0          0
      -------------+---------------------------------------------------------
      ~e_2year_pub |    420,330           0           0          0          0
      nsc_enr_on.. |    420,330           0           0          0          0
      nsc_enr_on.. |    420,330           0           0          0          0
      nsc_enr_on.. |    420,330           0           0          0          0
      nsc_enr_in~e |    420,330    .0033164    .0574931          0          1
      -------------+---------------------------------------------------------
      nsc_enr_ou~e |    420,330    .0003807    .0195066          0          1
      ns~e_instate |    420,330    .0024076    .0490086          0          1
      n~e_outstate |    420,330    .0002926    .0171039          0          1
      nsc_enr_4y.. |    420,330           0           0          0          0
      nsc_enr_4y.. |    420,330           0           0          0          0
      -------------+---------------------------------------------------------
      nsc_enr_2y.. |    420,330           0           0          0          0
      nsc_enr_2y.. |    420,330           0           0          0          0
      nsc_enr_lt.. |    420,330           0           0          0          0
      nsc_enr_lt.. |    420,330           0           0          0          0
      nsc_enr_on.. |    420,330           0           0          0          0
      -------------+---------------------------------------------------------
      nsc_enr_on.. |    420,330           0           0          0          0
      nsc_enr_on.. |    420,330           0           0          0          0
      nsc_enr_on.. |    420,330           0           0          0          0
      nsc_enr_on.. |    420,330           0           0          0          0
      nsc_enr_on.. |    420,330           0           0          0          0
      -------------+---------------------------------------------------------
        nsc_enr_uc |    420,330    .0001499    .0122417          0          1
      nsc_enr_uc~s |    420,330     .000157    .0125298          0          1
      nsc_enr_on~c |    420,330    .0001094    .0104607          0          1
      nsc_enr_on~s |    420,330    .0001166    .0107964          0          1
      nsc_persis~2 |    420,330    .0019746    .0443931          0          1
      -------------+---------------------------------------------------------
      nsc_~2_4year |    420,330           0           0          0          0
      nsc_pe~2year |    420,330           0           0          0          0
      nsc_persis~3 |    420,330    .0000904    .0095077          0          1
      nsc_~3_4year |    420,330           0           0          0          0
      nsc_persis~4 |    420,330           0           0          0          0
      -------------+---------------------------------------------------------
      nsc_~4_4year |    420,330           0           0          0          0
           nsc_deg |    420,330    .0002355    .0153452          0          1
      nsc_deg_4y~r |    420,330           0           0          0          0
      nsc_deg_2y~r |    420,330           0           0          0          0
      nsc_deg_lt~r |    420,330           0           0          0          0
      -------------+---------------------------------------------------------
      nsc_~n_4year |    420,330           0           0          0          0
      nsc_~n_2year |    420,330           0           0          0          0
      ns~n_lt2year |    420,330           0           0          0          0
      2018
      
          Variable |        Obs        Mean    Std. dev.       Min        Max
      -------------+---------------------------------------------------------
           nsc_enr |    419,925     .648361    .4774825          0          1
      nsc_enr_o~me |    419,925    .6212467    .4850771          0          1
      nsc_enr_4y~r |    419,925           0           0          0          0
      nsc_enr_2y~r |    419,925           0           0          0          0
      nsc_enr_lt~r |    419,925           0           0          0          0
      -------------+---------------------------------------------------------
      nsc_~e_4year |    419,925           0           0          0          0
      nsc_~e_2year |    419,925           0           0          0          0
      ns~e_lt2year |    419,925           0           0          0          0
       nsc_enr_pub |    419,925    .6011597    .4896604          0          1
      nsc_enr_priv |    419,925    .0687718     .253066          0          1
      -------------+---------------------------------------------------------
      nsc_en~e_pub |    419,925    .5663749    .4955754          0          1
      nsc_e~e_priv |    419,925     .058982    .2355912          0          1
      nsc_enr_4y~b |    419,925           0           0          0          0
      nsc_enr_4y~v |    419,925           0           0          0          0
      nsc_enr_2y~b |    419,925           0           0          0          0
      -------------+---------------------------------------------------------
      nsc_enr_2y~v |    419,925           0           0          0          0
      nsc_enr_lt~b |    419,925           0           0          0          0
      nsc_enr_lt~v |    419,925           0           0          0          0
      ~e_4year_pub |    419,925           0           0          0          0
      nsc_enr_on.. |    419,925           0           0          0          0
      -------------+---------------------------------------------------------
      ~e_2year_pub |    419,925           0           0          0          0
      nsc_enr_on.. |    419,925           0           0          0          0
      nsc_enr_on.. |    419,925           0           0          0          0
      nsc_enr_on.. |    419,925           0           0          0          0
      nsc_enr_in~e |    419,925    .5896482    .4918981          0          1
      -------------+---------------------------------------------------------
      nsc_enr_ou~e |    419,925    .0775329    .2674354          0          1
      ns~e_instate |    419,925    .5569614    .4967454          0          1
      n~e_outstate |    419,925    .0683051     .252269          0          1
      nsc_enr_4y.. |    419,925           0           0          0          0
      nsc_enr_4y.. |    419,925           0           0          0          0
      -------------+---------------------------------------------------------
      nsc_enr_2y.. |    419,925           0           0          0          0
      nsc_enr_2y.. |    419,925           0           0          0          0
      nsc_enr_lt.. |    419,925           0           0          0          0
      nsc_enr_lt.. |    419,925           0           0          0          0
      nsc_enr_on.. |    419,925           0           0          0          0
      -------------+---------------------------------------------------------
      nsc_enr_on.. |    419,925           0           0          0          0
      nsc_enr_on.. |    419,925           0           0          0          0
      nsc_enr_on.. |    419,925           0           0          0          0
      nsc_enr_on.. |    419,925           0           0          0          0
      nsc_enr_on.. |    419,925           0           0          0          0
      -------------+---------------------------------------------------------
        nsc_enr_uc |    419,925    .0763517    .2655604          0          1
      nsc_enr_uc~s |    419,925    .0802238    .2716398          0          1
      nsc_enr_on~c |    419,925    .0728821    .2599431          0          1
      nsc_enr_on~s |    419,925    .0758778    .2648029          0          1
      nsc_persis~2 |    419,925    .4605561    .4984423          0          1
      -------------+---------------------------------------------------------
      nsc_~2_4year |    419,925           0           0          0          0
      nsc_pe~2year |    419,925           0           0          0          0
      nsc_persis~3 |    419,925    .0117545    .1077791          0          1
      nsc_~3_4year |    419,925           0           0          0          0
      nsc_persis~4 |    419,925    4.76e-06    .0021824          0          1
      -------------+---------------------------------------------------------
      nsc_~4_4year |    419,925           0           0          0          0
           nsc_deg |    419,925    .0232661    .1507475          0          1
      nsc_deg_4y~r |    419,925           0           0          0          0
      nsc_deg_2y~r |    419,925           0           0          0          0
      nsc_deg_lt~r |    419,925           0           0          0          0
      -------------+---------------------------------------------------------
      nsc_~n_4year |    419,925           0           0          0          0
      nsc_~n_2year |    419,925           0           0          0          0
      ns~n_lt2year |    419,925           0           0          0          0
      2017
      
          Variable |        Obs        Mean    Std. dev.       Min        Max
      -------------+---------------------------------------------------------
           nsc_enr |    431,193    .0053549    .0729811          0          1
      nsc_enr_o~me |    431,193     .000218    .0147632          0          1
      nsc_enr_4y~r |    431,193           0           0          0          0
      nsc_enr_2y~r |    431,193           0           0          0          0
      nsc_enr_lt~r |    431,193           0           0          0          0
      -------------+---------------------------------------------------------
      nsc_~e_4year |    431,193           0           0          0          0
      nsc_~e_2year |    431,193           0           0          0          0
      ns~e_lt2year |    431,193           0           0          0          0
       nsc_enr_pub |    431,193    .0049769    .0703714          0          1
      nsc_enr_priv |    431,193    .0004777    .0218522          0          1
      -------------+---------------------------------------------------------
      nsc_en~e_pub |    431,193    .0001554    .0124643          0          1
      nsc_e~e_priv |    431,193    .0000626    .0079129          0          1
      nsc_enr_4y~b |    431,193           0           0          0          0
      nsc_enr_4y~v |    431,193           0           0          0          0
      nsc_enr_2y~b |    431,193           0           0          0          0
      -------------+---------------------------------------------------------
      nsc_enr_2y~v |    431,193           0           0          0          0
      nsc_enr_lt~b |    431,193           0           0          0          0
      nsc_enr_lt~v |    431,193           0           0          0          0
      ~e_4year_pub |    431,193           0           0          0          0
      nsc_enr_on.. |    431,193           0           0          0          0
      -------------+---------------------------------------------------------
      ~e_2year_pub |    431,193           0           0          0          0
      nsc_enr_on.. |    431,193           0           0          0          0
      nsc_enr_on.. |    431,193           0           0          0          0
      nsc_enr_on.. |    431,193           0           0          0          0
      nsc_enr_in~e |    431,193    .0050302    .0707456          0          1
      -------------+---------------------------------------------------------
      nsc_enr_ou~e |    431,193    .0003943     .019852          0          1
      ns~e_instate |    431,193    .0002064    .0143653          0          1
      n~e_outstate |    431,193    .0000116    .0034052          0          1
      nsc_enr_4y.. |    431,193           0           0          0          0
      nsc_enr_4y.. |    431,193           0           0          0          0
      -------------+---------------------------------------------------------
      nsc_enr_2y.. |    431,193           0           0          0          0
      nsc_enr_2y.. |    431,193           0           0          0          0
      nsc_enr_lt.. |    431,193           0           0          0          0
      nsc_enr_lt.. |    431,193           0           0          0          0
      nsc_enr_on.. |    431,193           0           0          0          0
      -------------+---------------------------------------------------------
      nsc_enr_on.. |    431,193           0           0          0          0
      nsc_enr_on.. |    431,193           0           0          0          0
      nsc_enr_on.. |    431,193           0           0          0          0
      nsc_enr_on.. |    431,193           0           0          0          0
      nsc_enr_on.. |    431,193           0           0          0          0
      -------------+---------------------------------------------------------
        nsc_enr_uc |    431,193     .000058    .0076142          0          1
      nsc_enr_uc~s |    431,193     .000058    .0076142          0          1
      nsc_enr_on~c |    431,193           0           0          0          0
      nsc_enr_on~s |    431,193           0           0          0          0
      nsc_persis~2 |    431,193    .0019713    .0443553          0          1
      -------------+---------------------------------------------------------
      nsc_~2_4year |    431,193           0           0          0          0
      nsc_pe~2year |    431,193           0           0          0          0
      nsc_persis~3 |    431,193    .0001345    .0115971          0          1
      nsc_~3_4year |    431,193           0           0          0          0
      nsc_persis~4 |    431,193           0           0          0          0
      -------------+---------------------------------------------------------
      nsc_~4_4year |    431,193           0           0          0          0
           nsc_deg |    431,193    .0002296    .0151507          0          1
      nsc_deg_4y~r |    431,193           0           0          0          0
      nsc_deg_2y~r |    431,193           0           0          0          0
      nsc_deg_lt~r |    431,193           0           0          0          0
      -------------+---------------------------------------------------------
      nsc_~n_4year |    431,193           0           0          0          0
      nsc_~n_2year |    431,193           0           0          0          0
      ns~n_lt2year |    431,193           0           0          0          0
      2016
      
          Variable |        Obs        Mean    Std. dev.       Min        Max
      -------------+---------------------------------------------------------
           nsc_enr |    428,038    .0010139    .0318261          0          1
      nsc_enr_o~me |    428,038    .0000117    .0034178          0          1
      nsc_enr_4y~r |    428,038           0           0          0          0
      nsc_enr_2y~r |    428,038           0           0          0          0
      nsc_enr_lt~r |    428,038           0           0          0          0
      -------------+---------------------------------------------------------
      nsc_~e_4year |    428,038           0           0          0          0
      nsc_~e_2year |    428,038           0           0          0          0
      ns~e_lt2year |    428,038           0           0          0          0
       nsc_enr_pub |    428,038    .0009205    .0303255          0          1
      nsc_enr_priv |    428,038    .0001215    .0110213          0          1
      -------------+---------------------------------------------------------
      nsc_en~e_pub |    428,038    9.34e-06    .0030569          0          1
      nsc_e~e_priv |    428,038    4.67e-06    .0021616          0          1
      nsc_enr_4y~b |    428,038           0           0          0          0
      nsc_enr_4y~v |    428,038           0           0          0          0
      nsc_enr_2y~b |    428,038           0           0          0          0
      -------------+---------------------------------------------------------
      nsc_enr_2y~v |    428,038           0           0          0          0
      nsc_enr_lt~b |    428,038           0           0          0          0
      nsc_enr_lt~v |    428,038           0           0          0          0
      ~e_4year_pub |    428,038           0           0          0          0
      nsc_enr_on.. |    428,038           0           0          0          0
      -------------+---------------------------------------------------------
      ~e_2year_pub |    428,038           0           0          0          0
      nsc_enr_on.. |    428,038           0           0          0          0
      nsc_enr_on.. |    428,038           0           0          0          0
      nsc_enr_on.. |    428,038           0           0          0          0
      nsc_enr_in~e |    428,038    .0009368    .0305934          0          1
      -------------+---------------------------------------------------------
      nsc_enr_ou~e |    428,038    .0000864     .009297          0          1
      ns~e_instate |    428,038    .0000117    .0034178          0          1
      n~e_outstate |    428,038           0           0          0          0
      nsc_enr_4y.. |    428,038           0           0          0          0
      nsc_enr_4y.. |    428,038           0           0          0          0
      -------------+---------------------------------------------------------
      nsc_enr_2y.. |    428,038           0           0          0          0
      nsc_enr_2y.. |    428,038           0           0          0          0
      nsc_enr_lt.. |    428,038           0           0          0          0
      nsc_enr_lt.. |    428,038           0           0          0          0
      nsc_enr_on.. |    428,038           0           0          0          0
      -------------+---------------------------------------------------------
      nsc_enr_on.. |    428,038           0           0          0          0
      nsc_enr_on.. |    428,038           0           0          0          0
      nsc_enr_on.. |    428,038           0           0          0          0
      nsc_enr_on.. |    428,038           0           0          0          0
      nsc_enr_on.. |    428,038           0           0          0          0
      -------------+---------------------------------------------------------
        nsc_enr_uc |    428,038    7.01e-06    .0026474          0          1
      nsc_enr_uc~s |    428,038    7.01e-06    .0026474          0          1
      nsc_enr_on~c |    428,038           0           0          0          0
      nsc_enr_on~s |    428,038           0           0          0          0
      nsc_persis~2 |    428,038    .0003411    .0184655          0          1
      -------------+---------------------------------------------------------
      nsc_~2_4year |    428,038           0           0          0          0
      nsc_pe~2year |    428,038           0           0          0          0
      nsc_persis~3 |    428,038    .0000257    .0050693          0          1
      nsc_~3_4year |    428,038           0           0          0          0
      nsc_persis~4 |    428,038           0           0          0          0
      -------------+---------------------------------------------------------
      nsc_~4_4year |    428,038           0           0          0          0
           nsc_deg |    428,038    .0000701    .0083715          0          1
      nsc_deg_4y~r |    428,038           0           0          0          0
      nsc_deg_2y~r |    428,038           0           0          0          0
      nsc_deg_lt~r |    428,038           0           0          0          0
      -------------+---------------------------------------------------------
      nsc_~n_4year |    428,038           0           0          0          0
      nsc_~n_2year |    428,038           0           0          0          0
      ns~n_lt2year |    428,038           0           0          0          0
      2015
      
          Variable |        Obs        Mean    Std. dev.       Min        Max
      -------------+---------------------------------------------------------
           nsc_enr |    424,098    .0002877    .0169584          0          1
      nsc_enr_o~me |    424,098           0           0          0          0
      nsc_enr_4y~r |    424,098           0           0          0          0
      nsc_enr_2y~r |    424,098           0           0          0          0
      nsc_enr_lt~r |    424,098           0           0          0          0
      -------------+---------------------------------------------------------
      nsc_~e_4year |    424,098           0           0          0          0
      nsc_~e_2year |    424,098           0           0          0          0
      ns~e_lt2year |    424,098           0           0          0          0
       nsc_enr_pub |    424,098     .000257    .0160297          0          1
      nsc_enr_priv |    424,098    .0000354    .0059471          0          1
      -------------+---------------------------------------------------------
      nsc_en~e_pub |    424,098           0           0          0          0
      nsc_e~e_priv |    424,098           0           0          0          0
      nsc_enr_4y~b |    424,098           0           0          0          0
      nsc_enr_4y~v |    424,098           0           0          0          0
      nsc_enr_2y~b |    424,098           0           0          0          0
      -------------+---------------------------------------------------------
      nsc_enr_2y~v |    424,098           0           0          0          0
      nsc_enr_lt~b |    424,098           0           0          0          0
      nsc_enr_lt~v |    424,098           0           0          0          0
      ~e_4year_pub |    424,098           0           0          0          0
      nsc_enr_on.. |    424,098           0           0          0          0
      -------------+---------------------------------------------------------
      ~e_2year_pub |    424,098           0           0          0          0
      nsc_enr_on.. |    424,098           0           0          0          0
      nsc_enr_on.. |    424,098           0           0          0          0
      nsc_enr_on.. |    424,098           0           0          0          0
      nsc_enr_in~e |    424,098    .0002759    .0166074          0          1
      -------------+---------------------------------------------------------
      nsc_enr_ou~e |    424,098    .0000165    .0040627          0          1
      ns~e_instate |    424,098           0           0          0          0
      n~e_outstate |    424,098           0           0          0          0
      nsc_enr_4y.. |    424,098           0           0          0          0
      nsc_enr_4y.. |    424,098           0           0          0          0
      -------------+---------------------------------------------------------
      nsc_enr_2y.. |    424,098           0           0          0          0
      nsc_enr_2y.. |    424,098           0           0          0          0
      nsc_enr_lt.. |    424,098           0           0          0          0
      nsc_enr_lt.. |    424,098           0           0          0          0
      nsc_enr_on.. |    424,098           0           0          0          0
      -------------+---------------------------------------------------------
      nsc_enr_on.. |    424,098           0           0          0          0
      nsc_enr_on.. |    424,098           0           0          0          0
      nsc_enr_on.. |    424,098           0           0          0          0
      nsc_enr_on.. |    424,098           0           0          0          0
      nsc_enr_on.. |    424,098           0           0          0          0
      -------------+---------------------------------------------------------
        nsc_enr_uc |    424,098           0           0          0          0
      nsc_enr_uc~s |    424,098           0           0          0          0
      nsc_enr_on~c |    424,098           0           0          0          0
      nsc_enr_on~s |    424,098           0           0          0          0
      nsc_persis~2 |    424,098    .0000755    .0086861          0          1
      -------------+---------------------------------------------------------
      nsc_~2_4year |    424,098           0           0          0          0
      nsc_pe~2year |    424,098           0           0          0          0
      nsc_persis~3 |    424,098    .0000118    .0034336          0          1
      nsc_~3_4year |    424,098           0           0          0          0
      nsc_persis~4 |    424,098           0           0          0          0
      -------------+---------------------------------------------------------
      nsc_~4_4year |    424,098           0           0          0          0
           nsc_deg |    424,098    9.43e-06    .0030711          0          1
      nsc_deg_4y~r |    424,098           0           0          0          0
      nsc_deg_2y~r |    424,098           0           0          0          0
      nsc_deg_lt~r |    424,098           0           0          0          0
      -------------+---------------------------------------------------------
      nsc_~n_4year |    424,098           0           0          0          0
      nsc_~n_2year |    424,098           0           0          0          0
      ns~n_lt2year |    424,098           0           0          0          0
      2014
      
          Variable |        Obs        Mean    Std. dev.       Min        Max
      -------------+---------------------------------------------------------
           nsc_enr |          0
      nsc_enr_o~me |          0
      nsc_enr_4y~r |          0
      nsc_enr_2y~r |          0
      nsc_enr_lt~r |          0
      -------------+---------------------------------------------------------
      nsc_~e_4year |          0
      nsc_~e_2year |          0
      ns~e_lt2year |          0
       nsc_enr_pub |          0
      nsc_enr_priv |          0
      -------------+---------------------------------------------------------
      nsc_en~e_pub |          0
      nsc_e~e_priv |          0
      nsc_enr_4y~b |          0
      nsc_enr_4y~v |          0
      nsc_enr_2y~b |          0
      -------------+---------------------------------------------------------
      nsc_enr_2y~v |          0
      nsc_enr_lt~b |          0
      nsc_enr_lt~v |          0
      ~e_4year_pub |          0
      nsc_enr_on.. |          0
      -------------+---------------------------------------------------------
      ~e_2year_pub |          0
      nsc_enr_on.. |          0
      nsc_enr_on.. |          0
      nsc_enr_on.. |          0
      nsc_enr_in~e |          0
      -------------+---------------------------------------------------------
      nsc_enr_ou~e |          0
      ns~e_instate |          0
      n~e_outstate |          0
      nsc_enr_4y.. |          0
      nsc_enr_4y.. |          0
      -------------+---------------------------------------------------------
      nsc_enr_2y.. |          0
      nsc_enr_2y.. |          0
      nsc_enr_lt.. |          0
      nsc_enr_lt.. |          0
      nsc_enr_on.. |          0
      -------------+---------------------------------------------------------
      nsc_enr_on.. |          0
      nsc_enr_on.. |          0
      nsc_enr_on.. |          0
      nsc_enr_on.. |          0
      nsc_enr_on.. |          0
      -------------+---------------------------------------------------------
        nsc_enr_uc |          0
      nsc_enr_uc~s |          0
      nsc_enr_on~c |          0
      nsc_enr_on~s |          0
      nsc_persis~2 |          0
      -------------+---------------------------------------------------------
      nsc_~2_4year |          0
      nsc_pe~2year |          0
      nsc_persis~3 |          0
      nsc_~3_4year |          0
      nsc_persis~4 |          0
      -------------+---------------------------------------------------------
      nsc_~4_4year |          0
           nsc_deg |          0
      nsc_deg_4y~r |          0
      nsc_deg_2y~r |          0
      nsc_deg_lt~r |          0
      -------------+---------------------------------------------------------
      nsc_~n_4year |          0
      nsc_~n_2year |          0
      ns~n_lt2year |          0
      2013
      
          Variable |        Obs        Mean    Std. dev.       Min        Max
      -------------+---------------------------------------------------------
           nsc_enr |    417,609    .0000766    .0087533          0          1
      nsc_enr_o~me |    417,609           0           0          0          0
      nsc_enr_4y~r |    417,609           0           0          0          0
      nsc_enr_2y~r |    417,609           0           0          0          0
      nsc_enr_lt~r |    417,609           0           0          0          0
      -------------+---------------------------------------------------------
      nsc_~e_4year |    417,609           0           0          0          0
      nsc_~e_2year |    417,609           0           0          0          0
      ns~e_lt2year |    417,609           0           0          0          0
       nsc_enr_pub |    417,609    .0000647    .0080405          0          1
      nsc_enr_priv |    417,609     .000012    .0034602          0          1
      -------------+---------------------------------------------------------
      nsc_en~e_pub |    417,609           0           0          0          0
      nsc_e~e_priv |    417,609           0           0          0          0
      nsc_enr_4y~b |    417,609           0           0          0          0
      nsc_enr_4y~v |    417,609           0           0          0          0
      nsc_enr_2y~b |    417,609           0           0          0          0
      -------------+---------------------------------------------------------
      nsc_enr_2y~v |    417,609           0           0          0          0
      nsc_enr_lt~b |    417,609           0           0          0          0
      nsc_enr_lt~v |    417,609           0           0          0          0
      ~e_4year_pub |    417,609           0           0          0          0
      nsc_enr_on.. |    417,609           0           0          0          0
      -------------+---------------------------------------------------------
      ~e_2year_pub |    417,609           0           0          0          0
      nsc_enr_on.. |    417,609           0           0          0          0
      nsc_enr_on.. |    417,609           0           0          0          0
      nsc_enr_on.. |    417,609           0           0          0          0
      nsc_enr_in~e |    417,609    .0000742    .0086155          0          1
      -------------+---------------------------------------------------------
      nsc_enr_ou~e |    417,609    2.39e-06    .0015474          0          1
      ns~e_instate |    417,609           0           0          0          0
      n~e_outstate |    417,609           0           0          0          0
      nsc_enr_4y.. |    417,609           0           0          0          0
      nsc_enr_4y.. |    417,609           0           0          0          0
      -------------+---------------------------------------------------------
      nsc_enr_2y.. |    417,609           0           0          0          0
      nsc_enr_2y.. |    417,609           0           0          0          0
      nsc_enr_lt.. |    417,609           0           0          0          0
      nsc_enr_lt.. |    417,609           0           0          0          0
      nsc_enr_on.. |    417,609           0           0          0          0
      -------------+---------------------------------------------------------
      nsc_enr_on.. |    417,609           0           0          0          0
      nsc_enr_on.. |    417,609           0           0          0          0
      nsc_enr_on.. |    417,609           0           0          0          0
      nsc_enr_on.. |    417,609           0           0          0          0
      nsc_enr_on.. |    417,609           0           0          0          0
      -------------+---------------------------------------------------------
        nsc_enr_uc |    417,609    4.79e-06    .0021884          0          1
      nsc_enr_uc~s |    417,609    4.79e-06    .0021884          0          1
      nsc_enr_on~c |    417,609           0           0          0          0
      nsc_enr_on~s |    417,609           0           0          0          0
      nsc_persis~2 |    417,609    9.58e-06    .0030949          0          1
      -------------+---------------------------------------------------------
      nsc_~2_4year |    417,609           0           0          0          0
      nsc_pe~2year |    417,609           0           0          0          0
      nsc_persis~3 |    417,609    2.39e-06    .0015474          0          1
      nsc_~3_4year |    417,609           0           0          0          0
      nsc_persis~4 |    417,609           0           0          0          0
      -------------+---------------------------------------------------------
      nsc_~4_4year |    417,609           0           0          0          0
           nsc_deg |    417,609    4.79e-06    .0021884          0          1
      nsc_deg_4y~r |    417,609           0           0          0          0
      nsc_deg_2y~r |    417,609           0           0          0          0
      nsc_deg_lt~r |    417,609           0           0          0          0
      -------------+---------------------------------------------------------
      nsc_~n_4year |    417,609           0           0          0          0
      nsc_~n_2year |    417,609           0           0          0          0
      ns~n_lt2year |    417,609           0           0          0          0
      2012
      
          Variable |        Obs        Mean    Std. dev.       Min        Max
      -------------+---------------------------------------------------------
           nsc_enr |    416,289    .0000528    .0072695          0          1
      nsc_enr_o~me |    416,289           0           0          0          0
      nsc_enr_4y~r |    416,289           0           0          0          0
      nsc_enr_2y~r |    416,289           0           0          0          0
      nsc_enr_lt~r |    416,289           0           0          0          0
      -------------+---------------------------------------------------------
      nsc_~e_4year |    416,289           0           0          0          0
      nsc_~e_2year |    416,289           0           0          0          0
      ns~e_lt2year |    416,289           0           0          0          0
       nsc_enr_pub |    416,289    .0000432    .0065755          0          1
      nsc_enr_priv |    416,289     .000012    .0034657          0          1
      -------------+---------------------------------------------------------
      nsc_en~e_pub |    416,289           0           0          0          0
      nsc_e~e_priv |    416,289           0           0          0          0
      nsc_enr_4y~b |    416,289           0           0          0          0
      nsc_enr_4y~v |    416,289           0           0          0          0
      nsc_enr_2y~b |    416,289           0           0          0          0
      -------------+---------------------------------------------------------
      nsc_enr_2y~v |    416,289           0           0          0          0
      nsc_enr_lt~b |    416,289           0           0          0          0
      nsc_enr_lt~v |    416,289           0           0          0          0
      ~e_4year_pub |    416,289           0           0          0          0
      nsc_enr_on.. |    416,289           0           0          0          0
      -------------+---------------------------------------------------------
      ~e_2year_pub |    416,289           0           0          0          0
      nsc_enr_on.. |    416,289           0           0          0          0
      nsc_enr_on.. |    416,289           0           0          0          0
      nsc_enr_on.. |    416,289           0           0          0          0
      nsc_enr_in~e |    416,289    .0000504    .0071023          0          1
      -------------+---------------------------------------------------------
      nsc_enr_ou~e |    416,289    2.40e-06    .0015499          0          1
      ns~e_instate |    416,289           0           0          0          0
      n~e_outstate |    416,289           0           0          0          0
      nsc_enr_4y.. |    416,289           0           0          0          0
      nsc_enr_4y.. |    416,289           0           0          0          0
      -------------+---------------------------------------------------------
      nsc_enr_2y.. |    416,289           0           0          0          0
      nsc_enr_2y.. |    416,289           0           0          0          0
      nsc_enr_lt.. |    416,289           0           0          0          0
      nsc_enr_lt.. |    416,289           0           0          0          0
      nsc_enr_on.. |    416,289           0           0          0          0
      -------------+---------------------------------------------------------
      nsc_enr_on.. |    416,289           0           0          0          0
      nsc_enr_on.. |    416,289           0           0          0          0
      nsc_enr_on.. |    416,289           0           0          0          0
      nsc_enr_on.. |    416,289           0           0          0          0
      nsc_enr_on.. |    416,289           0           0          0          0
      -------------+---------------------------------------------------------
        nsc_enr_uc |    416,289           0           0          0          0
      nsc_enr_uc~s |    416,289           0           0          0          0
      nsc_enr_on~c |    416,289           0           0          0          0
      nsc_enr_on~s |    416,289           0           0          0          0
      nsc_persis~2 |    416,289    .0000192    .0043837          0          1
      -------------+---------------------------------------------------------
      nsc_~2_4year |    416,289           0           0          0          0
      nsc_pe~2year |    416,289           0           0          0          0
      nsc_persis~3 |    416,289           0           0          0          0
      nsc_~3_4year |    416,289           0           0          0          0
      nsc_persis~4 |    416,289           0           0          0          0
      -------------+---------------------------------------------------------
      nsc_~4_4year |    416,289           0           0          0          0
           nsc_deg |    416,289    4.80e-06    .0021919          0          1
      nsc_deg_4y~r |    416,289           0           0          0          0
      nsc_deg_2y~r |    416,289           0           0          0          0
      nsc_deg_lt~r |    416,289           0           0          0          0
      -------------+---------------------------------------------------------
      nsc_~n_4year |    416,289           0           0          0          0
      nsc_~n_2year |    416,289           0           0          0          0
      ns~n_lt2year |    416,289           0           0          0          0
      2011
      
          Variable |        Obs        Mean    Std. dev.       Min        Max
      -------------+---------------------------------------------------------
           nsc_enr |    417,756    .0000359    .0059921          0          1
      nsc_enr_o~me |    417,756           0           0          0          0
      nsc_enr_4y~r |    417,756           0           0          0          0
      nsc_enr_2y~r |    417,756           0           0          0          0
      nsc_enr_lt~r |    417,756           0           0          0          0
      -------------+---------------------------------------------------------
      nsc_~e_4year |    417,756           0           0          0          0
      nsc_~e_2year |    417,756           0           0          0          0
      ns~e_lt2year |    417,756           0           0          0          0
       nsc_enr_pub |    417,756    .0000311    .0055783          0          1
      nsc_enr_priv |    417,756    9.57e-06    .0030943          0          1
      -------------+---------------------------------------------------------
      nsc_en~e_pub |    417,756           0           0          0          0
      nsc_e~e_priv |    417,756           0           0          0          0
      nsc_enr_4y~b |    417,756           0           0          0          0
      nsc_enr_4y~v |    417,756           0           0          0          0
      nsc_enr_2y~b |    417,756           0           0          0          0
      -------------+---------------------------------------------------------
      nsc_enr_2y~v |    417,756           0           0          0          0
      nsc_enr_lt~b |    417,756           0           0          0          0
      nsc_enr_lt~v |    417,756           0           0          0          0
      ~e_4year_pub |    417,756           0           0          0          0
      nsc_enr_on.. |    417,756           0           0          0          0
      -------------+---------------------------------------------------------
      ~e_2year_pub |    417,756           0           0          0          0
      nsc_enr_on.. |    417,756           0           0          0          0
      nsc_enr_on.. |    417,756           0           0          0          0
      nsc_enr_on.. |    417,756           0           0          0          0
      nsc_enr_in~e |    417,756    .0000311    .0055783          0          1
      -------------+---------------------------------------------------------
      nsc_enr_ou~e |    417,756    7.18e-06    .0026798          0          1
      ns~e_instate |    417,756           0           0          0          0
      n~e_outstate |    417,756           0           0          0          0
      nsc_enr_4y.. |    417,756           0           0          0          0
      nsc_enr_4y.. |    417,756           0           0          0          0
      -------------+---------------------------------------------------------
      nsc_enr_2y.. |    417,756           0           0          0          0
      nsc_enr_2y.. |    417,756           0           0          0          0
      nsc_enr_lt.. |    417,756           0           0          0          0
      nsc_enr_lt.. |    417,756           0           0          0          0
      nsc_enr_on.. |    417,756           0           0          0          0
      -------------+---------------------------------------------------------
      nsc_enr_on.. |    417,756           0           0          0          0
      nsc_enr_on.. |    417,756           0           0          0          0
      nsc_enr_on.. |    417,756           0           0          0          0
      nsc_enr_on.. |    417,756           0           0          0          0
      nsc_enr_on.. |    417,756           0           0          0          0
      -------------+---------------------------------------------------------
        nsc_enr_uc |    417,756           0           0          0          0
      nsc_enr_uc~s |    417,756           0           0          0          0
      nsc_enr_on~c |    417,756           0           0          0          0
      nsc_enr_on~s |    417,756           0           0          0          0
      nsc_persis~2 |    417,756     .000012    .0034596          0          1
      -------------+---------------------------------------------------------
      nsc_~2_4year |    417,756           0           0          0          0
      nsc_pe~2year |    417,756           0           0          0          0
      nsc_persis~3 |    417,756           0           0          0          0
      nsc_~3_4year |    417,756           0           0          0          0
      nsc_persis~4 |    417,756           0           0          0          0
      -------------+---------------------------------------------------------
      nsc_~4_4year |    417,756           0           0          0          0
           nsc_deg |    417,756    2.39e-06    .0015472          0          1
      nsc_deg_4y~r |    417,756           0           0          0          0
      nsc_deg_2y~r |    417,756           0           0          0          0
      nsc_deg_lt~r |    417,756           0           0          0          0
      -------------+---------------------------------------------------------
      nsc_~n_4year |    417,756           0           0          0          0
      nsc_~n_2year |    417,756           0           0          0          0
      ns~n_lt2year |    417,756           0           0          0          0
      2010
      
          Variable |        Obs        Mean    Std. dev.       Min        Max
      -------------+---------------------------------------------------------
           nsc_enr |    413,498    .0000266    .0051577          0          1
      nsc_enr_o~me |    413,498           0           0          0          0
      nsc_enr_4y~r |    413,498           0           0          0          0
      nsc_enr_2y~r |    413,498           0           0          0          0
      nsc_enr_lt~r |    413,498           0           0          0          0
      -------------+---------------------------------------------------------
      nsc_~e_4year |    413,498           0           0          0          0
      nsc_~e_2year |    413,498           0           0          0          0
      ns~e_lt2year |    413,498           0           0          0          0
       nsc_enr_pub |    413,498    .0000242    .0049177          0          1
      nsc_enr_priv |    413,498    4.84e-06    .0021993          0          1
      -------------+---------------------------------------------------------
      nsc_en~e_pub |    413,498           0           0          0          0
      nsc_e~e_priv |    413,498           0           0          0          0
      nsc_enr_4y~b |    413,498           0           0          0          0
      nsc_enr_4y~v |    413,498           0           0          0          0
      nsc_enr_2y~b |    413,498           0           0          0          0
      -------------+---------------------------------------------------------
      nsc_enr_2y~v |    413,498           0           0          0          0
      nsc_enr_lt~b |    413,498           0           0          0          0
      nsc_enr_lt~v |    413,498           0           0          0          0
      ~e_4year_pub |    413,498           0           0          0          0
      nsc_enr_on.. |    413,498           0           0          0          0
      -------------+---------------------------------------------------------
      ~e_2year_pub |    413,498           0           0          0          0
      nsc_enr_on.. |    413,498           0           0          0          0
      nsc_enr_on.. |    413,498           0           0          0          0
      nsc_enr_on.. |    413,498           0           0          0          0
      nsc_enr_in~e |    413,498    .0000193    .0043985          0          1
      -------------+---------------------------------------------------------
      nsc_enr_ou~e |    413,498    7.26e-06    .0026935          0          1
      ns~e_instate |    413,498           0           0          0          0
      n~e_outstate |    413,498           0           0          0          0
      nsc_enr_4y.. |    413,498           0           0          0          0
      nsc_enr_4y.. |    413,498           0           0          0          0
      -------------+---------------------------------------------------------
      nsc_enr_2y.. |    413,498           0           0          0          0
      nsc_enr_2y.. |    413,498           0           0          0          0
      nsc_enr_lt.. |    413,498           0           0          0          0
      nsc_enr_lt.. |    413,498           0           0          0          0
      nsc_enr_on.. |    413,498           0           0          0          0
      -------------+---------------------------------------------------------
      nsc_enr_on.. |    413,498           0           0          0          0
      nsc_enr_on.. |    413,498           0           0          0          0
      nsc_enr_on.. |    413,498           0           0          0          0
      nsc_enr_on.. |    413,498           0           0          0          0
      nsc_enr_on.. |    413,498           0           0          0          0
      -------------+---------------------------------------------------------
        nsc_enr_uc |    413,498    2.42e-06    .0015551          0          1
      nsc_enr_uc~s |    413,498    2.42e-06    .0015551          0          1
      nsc_enr_on~c |    413,498           0           0          0          0
      nsc_enr_on~s |    413,498           0           0          0          0
      nsc_persis~2 |    413,498    .0000169    .0041144          0          1
      -------------+---------------------------------------------------------
      nsc_~2_4year |    413,498           0           0          0          0
      nsc_pe~2year |    413,498           0           0          0          0
      nsc_persis~3 |    413,498           0           0          0          0
      nsc_~3_4year |    413,498           0           0          0          0
      nsc_persis~4 |    413,498           0           0          0          0
      -------------+---------------------------------------------------------
      nsc_~4_4year |    413,498           0           0          0          0
           nsc_deg |    413,498    2.42e-06    .0015551          0          1
      nsc_deg_4y~r |    413,498           0           0          0          0
      nsc_deg_2y~r |    413,498           0           0          0          0
      nsc_deg_lt~r |    413,498           0           0          0          0
      -------------+---------------------------------------------------------
      nsc_~n_4year |    413,498           0           0          0          0
      nsc_~n_2year |    413,498           0           0          0          0
      ns~n_lt2year |    413,498           0           0          0          0
      (file
          /home/research/ca_ed_lab/chesun/gsr/caschls/out/txt/outcomesumstats/nsc201
          > 9new/nsc_2019_final_sumstats_all_convschl.txt not found)
