                                                       ___  ____  ____  ____  ____(R)
                                                      /__    /   ____/   /   ____/   
                                                     ___/   /   /___/   /   /___/    
                                                       Statistics/Data analysis      
      
      2019
      
          Variable |        Obs        Mean    Std. dev.       Min        Max
      -------------+---------------------------------------------------------
           nsc_enr |    472,107    .0050709    .0710294          0          1
      nsc_enr_o~me |    472,107    .0035797    .0597234          0          1
      nsc_enr_4y~r |    472,107           0           0          0          0
      nsc_enr_2y~r |    472,107           0           0          0          0
      nsc_enr_lt~r |    472,107           0           0          0          0
      -------------+---------------------------------------------------------
      nsc_~e_4year |    472,107           0           0          0          0
      nsc_~e_2year |    472,107           0           0          0          0
      ns~e_lt2year |    472,107           0           0          0          0
       nsc_enr_pub |    472,107    .0047934    .0690684          0          1
      nsc_enr_priv |    472,107    .0004152    .0203713          0          1
      -------------+---------------------------------------------------------
      nsc_en~e_pub |    472,107    .0033488     .057772          0          1
      nsc_e~e_priv |    472,107    .0002648    .0162696          0          1
      nsc_enr_4y~b |    472,107           0           0          0          0
      nsc_enr_4y~v |    472,107           0           0          0          0
      nsc_enr_2y~b |    472,107           0           0          0          0
      -------------+---------------------------------------------------------
      nsc_enr_2y~v |    472,107           0           0          0          0
      nsc_enr_lt~b |    472,107           0           0          0          0
      nsc_enr_lt~v |    472,107           0           0          0          0
      ~e_4year_pub |    472,107           0           0          0          0
      nsc_enr_on.. |    472,107           0           0          0          0
      -------------+---------------------------------------------------------
      ~e_2year_pub |    472,107           0           0          0          0
      nsc_enr_on.. |    472,107           0           0          0          0
      nsc_enr_on.. |    472,107           0           0          0          0
      nsc_enr_on.. |    472,107           0           0          0          0
      nsc_enr_in~e |    472,107    .0047553    .0687944          0          1
      -------------+---------------------------------------------------------
      nsc_enr_ou~e |    472,107    .0004787    .0218741          0          1
      ns~e_instate |    472,107    .0032387    .0568172          0          1
      n~e_outstate |    472,107    .0003686    .0191944          0          1
      nsc_enr_4y.. |    472,107           0           0          0          0
      nsc_enr_4y.. |    472,107           0           0          0          0
      -------------+---------------------------------------------------------
      nsc_enr_2y.. |    472,107           0           0          0          0
      nsc_enr_2y.. |    472,107           0           0          0          0
      nsc_enr_lt.. |    472,107           0           0          0          0
      nsc_enr_lt.. |    472,107           0           0          0          0
      nsc_enr_on.. |    472,107           0           0          0          0
      -------------+---------------------------------------------------------
      nsc_enr_on.. |    472,107           0           0          0          0
      nsc_enr_on.. |    472,107           0           0          0          0
      nsc_enr_on.. |    472,107           0           0          0          0
      nsc_enr_on.. |    472,107           0           0          0          0
      nsc_enr_on.. |    472,107           0           0          0          0
      -------------+---------------------------------------------------------
        nsc_enr_uc |    472,107    .0001059    .0102906          0          1
      nsc_enr_uc~s |    472,107    .0001101    .0104944          0          1
      nsc_enr_on~c |    472,107    .0000953    .0097626          0          1
      nsc_enr_on~s |    472,107    .0000996    .0099772          0          1
      nsc_persis~2 |    472,107    .0024105    .0490374          0          1
      -------------+---------------------------------------------------------
      nsc_~2_4year |    472,107           0           0          0          0
      nsc_pe~2year |    472,107           0           0          0          0
      nsc_persis~3 |    472,107           0           0          0          0
      nsc_~3_4year |    472,107           0           0          0          0
      nsc_persis~4 |    472,107           0           0          0          0
      -------------+---------------------------------------------------------
      nsc_~4_4year |    472,107           0           0          0          0
           nsc_deg |    472,107    .0001186    .0108905          0          1
      nsc_deg_4y~r |    472,107           0           0          0          0
      nsc_deg_2y~r |    472,107           0           0          0          0
      nsc_deg_lt~r |    472,107           0           0          0          0
      -------------+---------------------------------------------------------
      nsc_~n_4year |    472,107           0           0          0          0
      nsc_~n_2year |    472,107           0           0          0          0
      ns~n_lt2year |    472,107           0           0          0          0
      2018
      
          Variable |        Obs        Mean    Std. dev.       Min        Max
      -------------+---------------------------------------------------------
           nsc_enr |    466,843    .6305739    .4826499          0          1
      nsc_enr_o~me |    466,843    .6052227    .4888033          0          1
      nsc_enr_4y~r |    466,843           0           0          0          0
      nsc_enr_2y~r |    466,843           0           0          0          0
      nsc_enr_lt~r |    466,843           0           0          0          0
      -------------+---------------------------------------------------------
      nsc_~e_4year |    466,843           0           0          0          0
      nsc_~e_2year |    466,843           0           0          0          0
      ns~e_lt2year |    466,843           0           0          0          0
       nsc_enr_pub |    466,843    .5841043    .4928762          0          1
      nsc_enr_priv |    466,843    .0637966    .2443905          0          1
      -------------+---------------------------------------------------------
      nsc_en~e_pub |    466,843    .5534195    .4971387          0          1
      nsc_e~e_priv |    466,843    .0557339    .2294075          0          1
      nsc_enr_4y~b |    466,843           0           0          0          0
      nsc_enr_4y~v |    466,843           0           0          0          0
      nsc_enr_2y~b |    466,843           0           0          0          0
      -------------+---------------------------------------------------------
      nsc_enr_2y~v |    466,843           0           0          0          0
      nsc_enr_lt~b |    466,843           0           0          0          0
      nsc_enr_lt~v |    466,843           0           0          0          0
      ~e_4year_pub |    466,843           0           0          0          0
      nsc_enr_on.. |    466,843           0           0          0          0
      -------------+---------------------------------------------------------
      ~e_2year_pub |    466,843           0           0          0          0
      nsc_enr_on.. |    466,843           0           0          0          0
      nsc_enr_on.. |    466,843           0           0          0          0
      nsc_enr_on.. |    466,843           0           0          0          0
      nsc_enr_in~e |    466,843    .5743387    .4944434          0          1
      -------------+---------------------------------------------------------
      nsc_enr_ou~e |    466,843    .0717308    .2580418          0          1
      ns~e_instate |    466,843    .5447891    .4979904          0          1
      n~e_outstate |    466,843    .0641693    .2450546          0          1
      nsc_enr_4y.. |    466,843           0           0          0          0
      nsc_enr_4y.. |    466,843           0           0          0          0
      -------------+---------------------------------------------------------
      nsc_enr_2y.. |    466,843           0           0          0          0
      nsc_enr_2y.. |    466,843           0           0          0          0
      nsc_enr_lt.. |    466,843           0           0          0          0
      nsc_enr_lt.. |    466,843           0           0          0          0
      nsc_enr_on.. |    466,843           0           0          0          0
      -------------+---------------------------------------------------------
      nsc_enr_on.. |    466,843           0           0          0          0
      nsc_enr_on.. |    466,843           0           0          0          0
      nsc_enr_on.. |    466,843           0           0          0          0
      nsc_enr_on.. |    466,843           0           0          0          0
      nsc_enr_on.. |    466,843           0           0          0          0
      -------------+---------------------------------------------------------
        nsc_enr_uc |    466,843    .0695737    .2544275          0          1
      nsc_enr_uc~s |    466,843    .0731359    .2603598          0          1
      nsc_enr_on~c |    466,843    .0680828    .2518883          0          1
      nsc_enr_on~s |    466,843    .0708461    .2565678          0          1
      nsc_persis~2 |    466,843    .4368428    .4959957          0          1
      -------------+---------------------------------------------------------
      nsc_~2_4year |    466,843           0           0          0          0
      nsc_pe~2year |    466,843           0           0          0          0
      nsc_persis~3 |    466,843    .0000364    .0060344          0          1
      nsc_~3_4year |    466,843           0           0          0          0
      nsc_persis~4 |    466,843    2.14e-06    .0014636          0          1
      -------------+---------------------------------------------------------
      nsc_~4_4year |    466,843           0           0          0          0
           nsc_deg |    466,843    .0056636    .0750434          0          1
      nsc_deg_4y~r |    466,843           0           0          0          0
      nsc_deg_2y~r |    466,843           0           0          0          0
      nsc_deg_lt~r |    466,843           0           0          0          0
      -------------+---------------------------------------------------------
      nsc_~n_4year |    466,843           0           0          0          0
      nsc_~n_2year |    466,843           0           0          0          0
      ns~n_lt2year |    466,843           0           0          0          0
      2017
      
          Variable |        Obs        Mean    Std. dev.       Min        Max
      -------------+---------------------------------------------------------
           nsc_enr |    479,182     .006605    .0810024          0          1
      nsc_enr_o~me |    479,182    .0002609    .0161491          0          1
      nsc_enr_4y~r |    479,182           0           0          0          0
      nsc_enr_2y~r |    479,182           0           0          0          0
      nsc_enr_lt~r |    479,182           0           0          0          0
      -------------+---------------------------------------------------------
      nsc_~e_4year |    479,182           0           0          0          0
      nsc_~e_2year |    479,182           0           0          0          0
      ns~e_lt2year |    479,182           0           0          0          0
       nsc_enr_pub |    479,182     .006125    .0780225          0          1
      nsc_enr_priv |    479,182    .0005802    .0240795          0          1
      -------------+---------------------------------------------------------
      nsc_en~e_pub |    479,182    .0001878    .0137035          0          1
      nsc_e~e_priv |    479,182     .000073    .0085461          0          1
      nsc_enr_4y~b |    479,182           0           0          0          0
      nsc_enr_4y~v |    479,182           0           0          0          0
      nsc_enr_2y~b |    479,182           0           0          0          0
      -------------+---------------------------------------------------------
      nsc_enr_2y~v |    479,182           0           0          0          0
      nsc_enr_lt~b |    479,182           0           0          0          0
      nsc_enr_lt~v |    479,182           0           0          0          0
      ~e_4year_pub |    479,182           0           0          0          0
      nsc_enr_on.. |    479,182           0           0          0          0
      -------------+---------------------------------------------------------
      ~e_2year_pub |    479,182           0           0          0          0
      nsc_enr_on.. |    479,182           0           0          0          0
      nsc_enr_on.. |    479,182           0           0          0          0
      nsc_enr_on.. |    479,182           0           0          0          0
      nsc_enr_in~e |    479,182    .0061584    .0782336          0          1
      -------------+---------------------------------------------------------
      nsc_enr_ou~e |    479,182    .0005155     .022698          0          1
      ns~e_instate |    479,182    .0002463    .0156905          0          1
      n~e_outstate |    479,182    .0000146     .003822          0          1
      nsc_enr_4y.. |    479,182           0           0          0          0
      nsc_enr_4y.. |    479,182           0           0          0          0
      -------------+---------------------------------------------------------
      nsc_enr_2y.. |    479,182           0           0          0          0
      nsc_enr_2y.. |    479,182           0           0          0          0
      nsc_enr_lt.. |    479,182           0           0          0          0
      nsc_enr_lt.. |    479,182           0           0          0          0
      nsc_enr_on.. |    479,182           0           0          0          0
      -------------+---------------------------------------------------------
      nsc_enr_on.. |    479,182           0           0          0          0
      nsc_enr_on.. |    479,182           0           0          0          0
      nsc_enr_on.. |    479,182           0           0          0          0
      nsc_enr_on.. |    479,182           0           0          0          0
      nsc_enr_on.. |    479,182           0           0          0          0
      -------------+---------------------------------------------------------
        nsc_enr_uc |    479,182    .0000438    .0066199          0          1
      nsc_enr_uc~s |    479,182    .0000438    .0066199          0          1
      nsc_enr_on~c |    479,182           0           0          0          0
      nsc_enr_on~s |    479,182           0           0          0          0
      nsc_persis~2 |    479,182    .0022434    .0473115          0          1
      -------------+---------------------------------------------------------
      nsc_~2_4year |    479,182           0           0          0          0
      nsc_pe~2year |    479,182           0           0          0          0
      nsc_persis~3 |    479,182    .0000522    .0072229          0          1
      nsc_~3_4year |    479,182           0           0          0          0
      nsc_persis~4 |    479,182           0           0          0          0
      -------------+---------------------------------------------------------
      nsc_~4_4year |    479,182           0           0          0          0
           nsc_deg |    479,182    .0001816    .0134732          0          1
      nsc_deg_4y~r |    479,182           0           0          0          0
      nsc_deg_2y~r |    479,182           0           0          0          0
      nsc_deg_lt~r |    479,182           0           0          0          0
      -------------+---------------------------------------------------------
      nsc_~n_4year |    479,182           0           0          0          0
      nsc_~n_2year |    479,182           0           0          0          0
      ns~n_lt2year |    479,182           0           0          0          0
      2016
      
          Variable |        Obs        Mean    Std. dev.       Min        Max
      -------------+---------------------------------------------------------
           nsc_enr |    487,772    .0012342    .0351093          0          1
      nsc_enr_o~me |    487,772    .0000144    .0037882          0          1
      nsc_enr_4y~r |    487,772           0           0          0          0
      nsc_enr_2y~r |    487,772           0           0          0          0
      nsc_enr_lt~r |    487,772           0           0          0          0
      -------------+---------------------------------------------------------
      nsc_~e_4year |    487,772           0           0          0          0
      nsc_~e_2year |    487,772           0           0          0          0
      ns~e_lt2year |    487,772           0           0          0          0
       nsc_enr_pub |    487,772    .0011153    .0333771          0          1
      nsc_enr_priv |    487,772    .0001456     .012064          0          1
      -------------+---------------------------------------------------------
      nsc_en~e_pub |    487,772    .0000123    .0035072          0          1
      nsc_e~e_priv |    487,772    4.10e-06    .0020249          0          1
      nsc_enr_4y~b |    487,772           0           0          0          0
      nsc_enr_4y~v |    487,772           0           0          0          0
      nsc_enr_2y~b |    487,772           0           0          0          0
      -------------+---------------------------------------------------------
      nsc_enr_2y~v |    487,772           0           0          0          0
      nsc_enr_lt~b |    487,772           0           0          0          0
      nsc_enr_lt~v |    487,772           0           0          0          0
      ~e_4year_pub |    487,772           0           0          0          0
      nsc_enr_on.. |    487,772           0           0          0          0
      -------------+---------------------------------------------------------
      ~e_2year_pub |    487,772           0           0          0          0
      nsc_enr_on.. |    487,772           0           0          0          0
      nsc_enr_on.. |    487,772           0           0          0          0
      nsc_enr_on.. |    487,772           0           0          0          0
      nsc_enr_in~e |    487,772    .0011296     .033591          0          1
      -------------+---------------------------------------------------------
      nsc_enr_ou~e |    487,772    .0001169    .0108095          0          1
      ns~e_instate |    487,772    .0000144    .0037882          0          1
      n~e_outstate |    487,772           0           0          0          0
      nsc_enr_4y.. |    487,772           0           0          0          0
      nsc_enr_4y.. |    487,772           0           0          0          0
      -------------+---------------------------------------------------------
      nsc_enr_2y.. |    487,772           0           0          0          0
      nsc_enr_2y.. |    487,772           0           0          0          0
      nsc_enr_lt.. |    487,772           0           0          0          0
      nsc_enr_lt.. |    487,772           0           0          0          0
      nsc_enr_on.. |    487,772           0           0          0          0
      -------------+---------------------------------------------------------
      nsc_enr_on.. |    487,772           0           0          0          0
      nsc_enr_on.. |    487,772           0           0          0          0
      nsc_enr_on.. |    487,772           0           0          0          0
      nsc_enr_on.. |    487,772           0           0          0          0
      nsc_enr_on.. |    487,772           0           0          0          0
      -------------+---------------------------------------------------------
        nsc_enr_uc |    487,772    6.15e-06      .00248          0          1
      nsc_enr_uc~s |    487,772    6.15e-06      .00248          0          1
      nsc_enr_on~c |    487,772           0           0          0          0
      nsc_enr_on~s |    487,772           0           0          0          0
      nsc_persis~2 |    487,772    .0003936    .0198361          0          1
      -------------+---------------------------------------------------------
      nsc_~2_4year |    487,772           0           0          0          0
      nsc_pe~2year |    487,772           0           0          0          0
      nsc_persis~3 |    487,772    4.10e-06    .0020249          0          1
      nsc_~3_4year |    487,772           0           0          0          0
      nsc_persis~4 |    487,772           0           0          0          0
      -------------+---------------------------------------------------------
      nsc_~4_4year |    487,772           0           0          0          0
           nsc_deg |    487,772    .0000595    .0077104          0          1
      nsc_deg_4y~r |    487,772           0           0          0          0
      nsc_deg_2y~r |    487,772           0           0          0          0
      nsc_deg_lt~r |    487,772           0           0          0          0
      -------------+---------------------------------------------------------
      nsc_~n_4year |    487,772           0           0          0          0
      nsc_~n_2year |    487,772           0           0          0          0
      ns~n_lt2year |    487,772           0           0          0          0
      2015
      
          Variable |        Obs        Mean    Std. dev.       Min        Max
      -------------+---------------------------------------------------------
           nsc_enr |    479,424    .0003859    .0196401          0          1
      nsc_enr_o~me |    479,424           0           0          0          0
      nsc_enr_4y~r |    479,424           0           0          0          0
      nsc_enr_2y~r |    479,424           0           0          0          0
      nsc_enr_lt~r |    479,424           0           0          0          0
      -------------+---------------------------------------------------------
      nsc_~e_4year |    479,424           0           0          0          0
      nsc_~e_2year |    479,424           0           0          0          0
      ns~e_lt2year |    479,424           0           0          0          0
       nsc_enr_pub |    479,424    .0003525    .0187719          0          1
      nsc_enr_priv |    479,424    .0000438    .0066182          0          1
      -------------+---------------------------------------------------------
      nsc_en~e_pub |    479,424           0           0          0          0
      nsc_e~e_priv |    479,424           0           0          0          0
      nsc_enr_4y~b |    479,424           0           0          0          0
      nsc_enr_4y~v |    479,424           0           0          0          0
      nsc_enr_2y~b |    479,424           0           0          0          0
      -------------+---------------------------------------------------------
      nsc_enr_2y~v |    479,424           0           0          0          0
      nsc_enr_lt~b |    479,424           0           0          0          0
      nsc_enr_lt~v |    479,424           0           0          0          0
      ~e_4year_pub |    479,424           0           0          0          0
      nsc_enr_on.. |    479,424           0           0          0          0
      -------------+---------------------------------------------------------
      ~e_2year_pub |    479,424           0           0          0          0
      nsc_enr_on.. |    479,424           0           0          0          0
      nsc_enr_on.. |    479,424           0           0          0          0
      nsc_enr_on.. |    479,424           0           0          0          0
      nsc_enr_in~e |    479,424    .0003734    .0193191          0          1
      -------------+---------------------------------------------------------
      nsc_enr_ou~e |    479,424    .0000188    .0043327          0          1
      ns~e_instate |    479,424           0           0          0          0
      n~e_outstate |    479,424           0           0          0          0
      nsc_enr_4y.. |    479,424           0           0          0          0
      nsc_enr_4y.. |    479,424           0           0          0          0
      -------------+---------------------------------------------------------
      nsc_enr_2y.. |    479,424           0           0          0          0
      nsc_enr_2y.. |    479,424           0           0          0          0
      nsc_enr_lt.. |    479,424           0           0          0          0
      nsc_enr_lt.. |    479,424           0           0          0          0
      nsc_enr_on.. |    479,424           0           0          0          0
      -------------+---------------------------------------------------------
      nsc_enr_on.. |    479,424           0           0          0          0
      nsc_enr_on.. |    479,424           0           0          0          0
      nsc_enr_on.. |    479,424           0           0          0          0
      nsc_enr_on.. |    479,424           0           0          0          0
      nsc_enr_on.. |    479,424           0           0          0          0
      -------------+---------------------------------------------------------
        nsc_enr_uc |    479,424           0           0          0          0
      nsc_enr_uc~s |    479,424           0           0          0          0
      nsc_enr_on~c |    479,424           0           0          0          0
      nsc_enr_on~s |    479,424           0           0          0          0
      nsc_persis~2 |    479,424     .000098    .0099008          0          1
      -------------+---------------------------------------------------------
      nsc_~2_4year |    479,424           0           0          0          0
      nsc_pe~2year |    479,424           0           0          0          0
      nsc_persis~3 |    479,424    2.09e-06    .0014442          0          1
      nsc_~3_4year |    479,424           0           0          0          0
      nsc_persis~4 |    479,424           0           0          0          0
      -------------+---------------------------------------------------------
      nsc_~4_4year |    479,424           0           0          0          0
           nsc_deg |    479,424    .0000167    .0040849          0          1
      nsc_deg_4y~r |    479,424           0           0          0          0
      nsc_deg_2y~r |    479,424           0           0          0          0
      nsc_deg_lt~r |    479,424           0           0          0          0
      -------------+---------------------------------------------------------
      nsc_~n_4year |    479,424           0           0          0          0
      nsc_~n_2year |    479,424           0           0          0          0
      ns~n_lt2year |    479,424           0           0          0          0
      2014
      
          Variable |        Obs        Mean    Std. dev.       Min        Max
      -------------+---------------------------------------------------------
           nsc_enr |          0
      nsc_enr_o~me |          0
      nsc_enr_4y~r |          0
      nsc_enr_2y~r |          0
      nsc_enr_lt~r |          0
      -------------+---------------------------------------------------------
      nsc_~e_4year |          0
      nsc_~e_2year |          0
      ns~e_lt2year |          0
       nsc_enr_pub |          0
      nsc_enr_priv |          0
      -------------+---------------------------------------------------------
      nsc_en~e_pub |          0
      nsc_e~e_priv |          0
      nsc_enr_4y~b |          0
      nsc_enr_4y~v |          0
      nsc_enr_2y~b |          0
      -------------+---------------------------------------------------------
      nsc_enr_2y~v |          0
      nsc_enr_lt~b |          0
      nsc_enr_lt~v |          0
      ~e_4year_pub |          0
      nsc_enr_on.. |          0
      -------------+---------------------------------------------------------
      ~e_2year_pub |          0
      nsc_enr_on.. |          0
      nsc_enr_on.. |          0
      nsc_enr_on.. |          0
      nsc_enr_in~e |          0
      -------------+---------------------------------------------------------
      nsc_enr_ou~e |          0
      ns~e_instate |          0
      n~e_outstate |          0
      nsc_enr_4y.. |          0
      nsc_enr_4y.. |          0
      -------------+---------------------------------------------------------
      nsc_enr_2y.. |          0
      nsc_enr_2y.. |          0
      nsc_enr_lt.. |          0
      nsc_enr_lt.. |          0
      nsc_enr_on.. |          0
      -------------+---------------------------------------------------------
      nsc_enr_on.. |          0
      nsc_enr_on.. |          0
      nsc_enr_on.. |          0
      nsc_enr_on.. |          0
      nsc_enr_on.. |          0
      -------------+---------------------------------------------------------
        nsc_enr_uc |          0
      nsc_enr_uc~s |          0
      nsc_enr_on~c |          0
      nsc_enr_on~s |          0
      nsc_persis~2 |          0
      -------------+---------------------------------------------------------
      nsc_~2_4year |          0
      nsc_pe~2year |          0
      nsc_persis~3 |          0
      nsc_~3_4year |          0
      nsc_persis~4 |          0
      -------------+---------------------------------------------------------
      nsc_~4_4year |          0
           nsc_deg |          0
      nsc_deg_4y~r |          0
      nsc_deg_2y~r |          0
      nsc_deg_lt~r |          0
      -------------+---------------------------------------------------------
      nsc_~n_4year |          0
      nsc_~n_2year |          0
      ns~n_lt2year |          0
      2013
      
          Variable |        Obs        Mean    Std. dev.       Min        Max
      -------------+---------------------------------------------------------
           nsc_enr |    471,122    .0001083    .0104039          0          1
      nsc_enr_o~me |    471,122           0           0          0          0
      nsc_enr_4y~r |    471,122           0           0          0          0
      nsc_enr_2y~r |    471,122           0           0          0          0
      nsc_enr_lt~r |    471,122           0           0          0          0
      -------------+---------------------------------------------------------
      nsc_~e_4year |    471,122           0           0          0          0
      nsc_~e_2year |    471,122           0           0          0          0
      ns~e_lt2year |    471,122           0           0          0          0
       nsc_enr_pub |    471,122    .0000913    .0095532          0          1
      nsc_enr_priv |    471,122     .000017    .0041207          0          1
      -------------+---------------------------------------------------------
      nsc_en~e_pub |    471,122           0           0          0          0
      nsc_e~e_priv |    471,122           0           0          0          0
      nsc_enr_4y~b |    471,122           0           0          0          0
      nsc_enr_4y~v |    471,122           0           0          0          0
      nsc_enr_2y~b |    471,122           0           0          0          0
      -------------+---------------------------------------------------------
      nsc_enr_2y~v |    471,122           0           0          0          0
      nsc_enr_lt~b |    471,122           0           0          0          0
      nsc_enr_lt~v |    471,122           0           0          0          0
      ~e_4year_pub |    471,122           0           0          0          0
      nsc_enr_on.. |    471,122           0           0          0          0
      -------------+---------------------------------------------------------
      ~e_2year_pub |    471,122           0           0          0          0
      nsc_enr_on.. |    471,122           0           0          0          0
      nsc_enr_on.. |    471,122           0           0          0          0
      nsc_enr_on.. |    471,122           0           0          0          0
      nsc_enr_in~e |    471,122    .0001019    .0100933          0          1
      -------------+---------------------------------------------------------
      nsc_enr_ou~e |    471,122    6.37e-06    .0025234          0          1
      ns~e_instate |    471,122           0           0          0          0
      n~e_outstate |    471,122           0           0          0          0
      nsc_enr_4y.. |    471,122           0           0          0          0
      nsc_enr_4y.. |    471,122           0           0          0          0
      -------------+---------------------------------------------------------
      nsc_enr_2y.. |    471,122           0           0          0          0
      nsc_enr_2y.. |    471,122           0           0          0          0
      nsc_enr_lt.. |    471,122           0           0          0          0
      nsc_enr_lt.. |    471,122           0           0          0          0
      nsc_enr_on.. |    471,122           0           0          0          0
      -------------+---------------------------------------------------------
      nsc_enr_on.. |    471,122           0           0          0          0
      nsc_enr_on.. |    471,122           0           0          0          0
      nsc_enr_on.. |    471,122           0           0          0          0
      nsc_enr_on.. |    471,122           0           0          0          0
      nsc_enr_on.. |    471,122           0           0          0          0
      -------------+---------------------------------------------------------
        nsc_enr_uc |    471,122    2.12e-06    .0014569          0          1
      nsc_enr_uc~s |    471,122    2.12e-06    .0014569          0          1
      nsc_enr_on~c |    471,122           0           0          0          0
      nsc_enr_on~s |    471,122           0           0          0          0
      nsc_persis~2 |    471,122    .0000233     .004832          0          1
      -------------+---------------------------------------------------------
      nsc_~2_4year |    471,122           0           0          0          0
      nsc_pe~2year |    471,122           0           0          0          0
      nsc_persis~3 |    471,122           0           0          0          0
      nsc_~3_4year |    471,122           0           0          0          0
      nsc_persis~4 |    471,122           0           0          0          0
      -------------+---------------------------------------------------------
      nsc_~4_4year |    471,122           0           0          0          0
           nsc_deg |    471,122    6.37e-06    .0025234          0          1
      nsc_deg_4y~r |    471,122           0           0          0          0
      nsc_deg_2y~r |    471,122           0           0          0          0
      nsc_deg_lt~r |    471,122           0           0          0          0
      -------------+---------------------------------------------------------
      nsc_~n_4year |    471,122           0           0          0          0
      nsc_~n_2year |    471,122           0           0          0          0
      ns~n_lt2year |    471,122           0           0          0          0
      2012
      
          Variable |        Obs        Mean    Std. dev.       Min        Max
      -------------+---------------------------------------------------------
           nsc_enr |    472,904    .0000592    .0076945          0          1
      nsc_enr_o~me |    472,904           0           0          0          0
      nsc_enr_4y~r |    472,904           0           0          0          0
      nsc_enr_2y~r |    472,904           0           0          0          0
      nsc_enr_lt~r |    472,904           0           0          0          0
      -------------+---------------------------------------------------------
      nsc_~e_4year |    472,904           0           0          0          0
      nsc_~e_2year |    472,904           0           0          0          0
      ns~e_lt2year |    472,904           0           0          0          0
       nsc_enr_pub |    472,904    .0000486    .0069738          0          1
      nsc_enr_priv |    472,904    .0000106    .0032516          0          1
      -------------+---------------------------------------------------------
      nsc_en~e_pub |    472,904           0           0          0          0
      nsc_e~e_priv |    472,904           0           0          0          0
      nsc_enr_4y~b |    472,904           0           0          0          0
      nsc_enr_4y~v |    472,904           0           0          0          0
      nsc_enr_2y~b |    472,904           0           0          0          0
      -------------+---------------------------------------------------------
      nsc_enr_2y~v |    472,904           0           0          0          0
      nsc_enr_lt~b |    472,904           0           0          0          0
      nsc_enr_lt~v |    472,904           0           0          0          0
      ~e_4year_pub |    472,904           0           0          0          0
      nsc_enr_on.. |    472,904           0           0          0          0
      -------------+---------------------------------------------------------
      ~e_2year_pub |    472,904           0           0          0          0
      nsc_enr_on.. |    472,904           0           0          0          0
      nsc_enr_on.. |    472,904           0           0          0          0
      nsc_enr_on.. |    472,904           0           0          0          0
      nsc_enr_in~e |    472,904    .0000529    .0072706          0          1
      -------------+---------------------------------------------------------
      nsc_enr_ou~e |    472,904    6.34e-06    .0025187          0          1
      ns~e_instate |    472,904           0           0          0          0
      n~e_outstate |    472,904           0           0          0          0
      nsc_enr_4y.. |    472,904           0           0          0          0
      nsc_enr_4y.. |    472,904           0           0          0          0
      -------------+---------------------------------------------------------
      nsc_enr_2y.. |    472,904           0           0          0          0
      nsc_enr_2y.. |    472,904           0           0          0          0
      nsc_enr_lt.. |    472,904           0           0          0          0
      nsc_enr_lt.. |    472,904           0           0          0          0
      nsc_enr_on.. |    472,904           0           0          0          0
      -------------+---------------------------------------------------------
      nsc_enr_on.. |    472,904           0           0          0          0
      nsc_enr_on.. |    472,904           0           0          0          0
      nsc_enr_on.. |    472,904           0           0          0          0
      nsc_enr_on.. |    472,904           0           0          0          0
      nsc_enr_on.. |    472,904           0           0          0          0
      -------------+---------------------------------------------------------
        nsc_enr_uc |    472,904           0           0          0          0
      nsc_enr_uc~s |    472,904           0           0          0          0
      nsc_enr_on~c |    472,904           0           0          0          0
      nsc_enr_on~s |    472,904           0           0          0          0
      nsc_persis~2 |    472,904    .0000233    .0048229          0          1
      -------------+---------------------------------------------------------
      nsc_~2_4year |    472,904           0           0          0          0
      nsc_pe~2year |    472,904           0           0          0          0
      nsc_persis~3 |    472,904           0           0          0          0
      nsc_~3_4year |    472,904           0           0          0          0
      nsc_persis~4 |    472,904           0           0          0          0
      -------------+---------------------------------------------------------
      nsc_~4_4year |    472,904           0           0          0          0
           nsc_deg |    472,904    2.11e-06    .0014542          0          1
      nsc_deg_4y~r |    472,904           0           0          0          0
      nsc_deg_2y~r |    472,904           0           0          0          0
      nsc_deg_lt~r |    472,904           0           0          0          0
      -------------+---------------------------------------------------------
      nsc_~n_4year |    472,904           0           0          0          0
      nsc_~n_2year |    472,904           0           0          0          0
      ns~n_lt2year |    472,904           0           0          0          0
      2011
      
          Variable |        Obs        Mean    Std. dev.       Min        Max
      -------------+---------------------------------------------------------
           nsc_enr |    475,950    .0000525    .0072473          0          1
      nsc_enr_o~me |    475,950           0           0          0          0
      nsc_enr_4y~r |    475,950           0           0          0          0
      nsc_enr_2y~r |    475,950           0           0          0          0
      nsc_enr_lt~r |    475,950           0           0          0          0
      -------------+---------------------------------------------------------
      nsc_~e_4year |    475,950           0           0          0          0
      nsc_~e_2year |    475,950           0           0          0          0
      ns~e_lt2year |    475,950           0           0          0          0
       nsc_enr_pub |    475,950    .0000462    .0067986          0          1
      nsc_enr_priv |    475,950    8.40e-06     .002899          0          1
      -------------+---------------------------------------------------------
      nsc_en~e_pub |    475,950           0           0          0          0
      nsc_e~e_priv |    475,950           0           0          0          0
      nsc_enr_4y~b |    475,950           0           0          0          0
      nsc_enr_4y~v |    475,950           0           0          0          0
      nsc_enr_2y~b |    475,950           0           0          0          0
      -------------+---------------------------------------------------------
      nsc_enr_2y~v |    475,950           0           0          0          0
      nsc_enr_lt~b |    475,950           0           0          0          0
      nsc_enr_lt~v |    475,950           0           0          0          0
      ~e_4year_pub |    475,950           0           0          0          0
      nsc_enr_on.. |    475,950           0           0          0          0
      -------------+---------------------------------------------------------
      ~e_2year_pub |    475,950           0           0          0          0
      nsc_enr_on.. |    475,950           0           0          0          0
      nsc_enr_on.. |    475,950           0           0          0          0
      nsc_enr_on.. |    475,950           0           0          0          0
      nsc_enr_in~e |    475,950    .0000462    .0067986          0          1
      -------------+---------------------------------------------------------
      nsc_enr_ou~e |    475,950    6.30e-06    .0025106          0          1
      ns~e_instate |    475,950           0           0          0          0
      n~e_outstate |    475,950           0           0          0          0
      nsc_enr_4y.. |    475,950           0           0          0          0
      nsc_enr_4y.. |    475,950           0           0          0          0
      -------------+---------------------------------------------------------
      nsc_enr_2y.. |    475,950           0           0          0          0
      nsc_enr_2y.. |    475,950           0           0          0          0
      nsc_enr_lt.. |    475,950           0           0          0          0
      nsc_enr_lt.. |    475,950           0           0          0          0
      nsc_enr_on.. |    475,950           0           0          0          0
      -------------+---------------------------------------------------------
      nsc_enr_on.. |    475,950           0           0          0          0
      nsc_enr_on.. |    475,950           0           0          0          0
      nsc_enr_on.. |    475,950           0           0          0          0
      nsc_enr_on.. |    475,950           0           0          0          0
      nsc_enr_on.. |    475,950           0           0          0          0
      -------------+---------------------------------------------------------
        nsc_enr_uc |    475,950           0           0          0          0
      nsc_enr_uc~s |    475,950           0           0          0          0
      nsc_enr_on~c |    475,950           0           0          0          0
      nsc_enr_on~s |    475,950           0           0          0          0
      nsc_persis~2 |    475,950    .0000105    .0032412          0          1
      -------------+---------------------------------------------------------
      nsc_~2_4year |    475,950           0           0          0          0
      nsc_pe~2year |    475,950           0           0          0          0
      nsc_persis~3 |    475,950           0           0          0          0
      nsc_~3_4year |    475,950           0           0          0          0
      nsc_persis~4 |    475,950           0           0          0          0
      -------------+---------------------------------------------------------
      nsc_~4_4year |    475,950           0           0          0          0
           nsc_deg |    475,950    2.10e-06    .0014495          0          1
      nsc_deg_4y~r |    475,950           0           0          0          0
      nsc_deg_2y~r |    475,950           0           0          0          0
      nsc_deg_lt~r |    475,950           0           0          0          0
      -------------+---------------------------------------------------------
      nsc_~n_4year |    475,950           0           0          0          0
      nsc_~n_2year |    475,950           0           0          0          0
      ns~n_lt2year |    475,950           0           0          0          0
      2010
      
          Variable |        Obs        Mean    Std. dev.       Min        Max
      -------------+---------------------------------------------------------
           nsc_enr |    473,469    .0000465    .0068164          0          1
      nsc_enr_o~me |    473,469           0           0          0          0
      nsc_enr_4y~r |    473,469           0           0          0          0
      nsc_enr_2y~r |    473,469           0           0          0          0
      nsc_enr_lt~r |    473,469           0           0          0          0
      -------------+---------------------------------------------------------
      nsc_~e_4year |    473,469           0           0          0          0
      nsc_~e_2year |    473,469           0           0          0          0
      ns~e_lt2year |    473,469           0           0          0          0
       nsc_enr_pub |    473,469    .0000422    .0064992          0          1
      nsc_enr_priv |    473,469    6.34e-06    .0025172          0          1
      -------------+---------------------------------------------------------
      nsc_en~e_pub |    473,469           0           0          0          0
      nsc_e~e_priv |    473,469           0           0          0          0
      nsc_enr_4y~b |    473,469           0           0          0          0
      nsc_enr_4y~v |    473,469           0           0          0          0
      nsc_enr_2y~b |    473,469           0           0          0          0
      -------------+---------------------------------------------------------
      nsc_enr_2y~v |    473,469           0           0          0          0
      nsc_enr_lt~b |    473,469           0           0          0          0
      nsc_enr_lt~v |    473,469           0           0          0          0
      ~e_4year_pub |    473,469           0           0          0          0
      nsc_enr_on.. |    473,469           0           0          0          0
      -------------+---------------------------------------------------------
      ~e_2year_pub |    473,469           0           0          0          0
      nsc_enr_on.. |    473,469           0           0          0          0
      nsc_enr_on.. |    473,469           0           0          0          0
      nsc_enr_on.. |    473,469           0           0          0          0
      nsc_enr_in~e |    473,469     .000038    .0061657          0          1
      -------------+---------------------------------------------------------
      nsc_enr_ou~e |    473,469    8.45e-06    .0029066          0          1
      ns~e_instate |    473,469           0           0          0          0
      n~e_outstate |    473,469           0           0          0          0
      nsc_enr_4y.. |    473,469           0           0          0          0
      nsc_enr_4y.. |    473,469           0           0          0          0
      -------------+---------------------------------------------------------
      nsc_enr_2y.. |    473,469           0           0          0          0
      nsc_enr_2y.. |    473,469           0           0          0          0
      nsc_enr_lt.. |    473,469           0           0          0          0
      nsc_enr_lt.. |    473,469           0           0          0          0
      nsc_enr_on.. |    473,469           0           0          0          0
      -------------+---------------------------------------------------------
      nsc_enr_on.. |    473,469           0           0          0          0
      nsc_enr_on.. |    473,469           0           0          0          0
      nsc_enr_on.. |    473,469           0           0          0          0
      nsc_enr_on.. |    473,469           0           0          0          0
      nsc_enr_on.. |    473,469           0           0          0          0
      -------------+---------------------------------------------------------
        nsc_enr_uc |    473,469    2.11e-06    .0014533          0          1
      nsc_enr_uc~s |    473,469    2.11e-06    .0014533          0          1
      nsc_enr_on~c |    473,469           0           0          0          0
      nsc_enr_on~s |    473,469           0           0          0          0
      nsc_persis~2 |    473,469    .0000211    .0045957          0          1
      -------------+---------------------------------------------------------
      nsc_~2_4year |    473,469           0           0          0          0
      nsc_pe~2year |    473,469           0           0          0          0
      nsc_persis~3 |    473,469           0           0          0          0
      nsc_~3_4year |    473,469           0           0          0          0
      nsc_persis~4 |    473,469           0           0          0          0
      -------------+---------------------------------------------------------
      nsc_~4_4year |    473,469           0           0          0          0
           nsc_deg |    473,469           0           0          0          0
      nsc_deg_4y~r |    473,469           0           0          0          0
      nsc_deg_2y~r |    473,469           0           0          0          0
      nsc_deg_lt~r |    473,469           0           0          0          0
      -------------+---------------------------------------------------------
      nsc_~n_4year |    473,469           0           0          0          0
      nsc_~n_2year |    473,469           0           0          0          0
      ns~n_lt2year |    473,469           0           0          0          0
      (file
          /home/research/ca_ed_lab/chesun/gsr/caschls/out/txt/outcomesumstats/nsc201
          > 9new/nsc_2019_provisional_sumstats_all.txt not found)
