                                                       ___  ____  ____  ____  ____(R)
                                                      /__    /   ____/   /   ____/   
                                                     ___/   /   /___/   /   /___/    
                                                       Statistics/Data analysis      
      
      2019
      
          Variable |        Obs        Mean    Std. dev.       Min        Max
      -------------+---------------------------------------------------------
           nsc_enr |      5,206    .4752209    .4994336          0          1
      nsc_enr_o~me |      5,206    .3338456    .4716306          0          1
      nsc_enr_4y~r |      5,206           0           0          0          0
      nsc_enr_2y~r |      5,206           0           0          0          0
      nsc_enr_lt~r |      5,206           0           0          0          0
      -------------+---------------------------------------------------------
      nsc_~e_4year |      5,206           0           0          0          0
      nsc_~e_2year |      5,206           0           0          0          0
      ns~e_lt2year |      5,206           0           0          0          0
       nsc_enr_pub |      5,206    .4490972    .4974499          0          1
      nsc_enr_priv |      5,206    .0416827    .1998822          0          1
      -------------+---------------------------------------------------------
      nsc_en~e_pub |      5,206    .3119478    .4633331          0          1
      nsc_e~e_priv |      5,206    .0265079    .1606554          0          1
      nsc_enr_4y~b |      5,206           0           0          0          0
      nsc_enr_4y~v |      5,206           0           0          0          0
      nsc_enr_2y~b |      5,206           0           0          0          0
      -------------+---------------------------------------------------------
      nsc_enr_2y~v |      5,206           0           0          0          0
      nsc_enr_lt~b |      5,206           0           0          0          0
      nsc_enr_lt~v |      5,206           0           0          0          0
      ~e_4year_pub |      5,206           0           0          0          0
      nsc_enr_on.. |      5,206           0           0          0          0
      -------------+---------------------------------------------------------
      ~e_2year_pub |      5,206           0           0          0          0
      nsc_enr_on.. |      5,206           0           0          0          0
      nsc_enr_on.. |      5,206           0           0          0          0
      nsc_enr_on.. |      5,206           0           0          0          0
      nsc_enr_in~e |      5,206    .4452555    .4970417          0          1
      -------------+---------------------------------------------------------
      nsc_enr_ou~e |      5,206    .0461007    .2097232          0          1
      ns~e_instate |      5,206    .3027276    .4594825          0          1
      n~e_outstate |      5,206    .0343834    .1822294          0          1
      nsc_enr_4y.. |      5,206           0           0          0          0
      nsc_enr_4y.. |      5,206           0           0          0          0
      -------------+---------------------------------------------------------
      nsc_enr_2y.. |      5,206           0           0          0          0
      nsc_enr_2y.. |      5,206           0           0          0          0
      nsc_enr_lt.. |      5,206           0           0          0          0
      nsc_enr_lt.. |      5,206           0           0          0          0
      nsc_enr_on.. |      5,206           0           0          0          0
      -------------+---------------------------------------------------------
      nsc_enr_on.. |      5,206           0           0          0          0
      nsc_enr_on.. |      5,206           0           0          0          0
      nsc_enr_on.. |      5,206           0           0          0          0
      nsc_enr_on.. |      5,206           0           0          0          0
      nsc_enr_on.. |      5,206           0           0          0          0
      -------------+---------------------------------------------------------
        nsc_enr_uc |      5,206     .013446    .1151858          0          1
      nsc_enr_uc~s |      5,206    .0140223    .1175939          0          1
      nsc_enr_on~c |      5,206    .0096043    .0975392          0          1
      nsc_enr_on~s |      5,206    .0101806    .1003935          0          1
      nsc_persis~2 |      5,206    .2283903    .4198357          0          1
      -------------+---------------------------------------------------------
      nsc_~2_4year |      5,206           0           0          0          0
      nsc_pe~2year |      5,206           0           0          0          0
      nsc_persis~3 |      5,206    .0094122    .0965682          0          1
      nsc_~3_4year |      5,206           0           0          0          0
      nsc_persis~4 |      5,206           0           0          0          0
      -------------+---------------------------------------------------------
      nsc_~4_4year |      5,206           0           0          0          0
           nsc_deg |      5,206    .0284287    .1662103          0          1
      nsc_deg_4y~r |      5,206           0           0          0          0
      nsc_deg_2y~r |      5,206           0           0          0          0
      nsc_deg_lt~r |      5,206           0           0          0          0
      -------------+---------------------------------------------------------
      nsc_~n_4year |      5,206           0           0          0          0
      nsc_~n_2year |      5,206           0           0          0          0
      ns~n_lt2year |      5,206           0           0          0          0
      2018
      
          Variable |        Obs        Mean    Std. dev.       Min        Max
      -------------+---------------------------------------------------------
           nsc_enr |    409,247    .6943508    .4606824          0          1
      nsc_enr_o~me |    409,247    .6635357    .4725004          0          1
      nsc_enr_4y~r |    409,247           0           0          0          0
      nsc_enr_2y~r |    409,247           0           0          0          0
      nsc_enr_lt~r |    409,247           0           0          0          0
      -------------+---------------------------------------------------------
      nsc_~e_4year |    409,247           0           0          0          0
      nsc_~e_2year |    409,247           0           0          0          0
      ns~e_lt2year |    409,247           0           0          0          0
       nsc_enr_pub |    409,247     .643775    .4788834          0          1
      nsc_enr_priv |    409,247    .0734789    .2609212          0          1
      -------------+---------------------------------------------------------
      nsc_en~e_pub |    409,247    .6054021    .4887647          0          1
      nsc_e~e_priv |    409,247     .062527    .2421106          0          1
      nsc_enr_4y~b |    409,247           0           0          0          0
      nsc_enr_4y~v |    409,247           0           0          0          0
      nsc_enr_2y~b |    409,247           0           0          0          0
      -------------+---------------------------------------------------------
      nsc_enr_2y~v |    409,247           0           0          0          0
      nsc_enr_lt~b |    409,247           0           0          0          0
      nsc_enr_lt~v |    409,247           0           0          0          0
      ~e_4year_pub |    409,247           0           0          0          0
      nsc_enr_on.. |    409,247           0           0          0          0
      -------------+---------------------------------------------------------
      ~e_2year_pub |    409,247           0           0          0          0
      nsc_enr_on.. |    409,247           0           0          0          0
      nsc_enr_on.. |    409,247           0           0          0          0
      nsc_enr_on.. |    409,247           0           0          0          0
      nsc_enr_in~e |    409,247    .6320584    .4822459          0          1
      -------------+---------------------------------------------------------
      nsc_enr_ou~e |    409,247    .0820702     .274472          0          1
      ns~e_instate |    409,247    .5957283    .4907511          0          1
      n~e_outstate |    409,247     .072047     .258566          0          1
      nsc_enr_4y.. |    409,247           0           0          0          0
      nsc_enr_4y.. |    409,247           0           0          0          0
      -------------+---------------------------------------------------------
      nsc_enr_2y.. |    409,247           0           0          0          0
      nsc_enr_2y.. |    409,247           0           0          0          0
      nsc_enr_lt.. |    409,247           0           0          0          0
      nsc_enr_lt.. |    409,247           0           0          0          0
      nsc_enr_on.. |    409,247           0           0          0          0
      -------------+---------------------------------------------------------
      nsc_enr_on.. |    409,247           0           0          0          0
      nsc_enr_on.. |    409,247           0           0          0          0
      nsc_enr_on.. |    409,247           0           0          0          0
      nsc_enr_on.. |    409,247           0           0          0          0
      nsc_enr_on.. |    409,247           0           0          0          0
      -------------+---------------------------------------------------------
        nsc_enr_uc |    409,247    .0800275     .271336          0          1
      nsc_enr_uc~s |    409,247    .0840617    .2774807          0          1
      nsc_enr_on~c |    409,247    .0763402     .265542          0          1
      nsc_enr_on~s |    409,247    .0794655    .2704642          0          1
      nsc_persis~2 |    409,247    .4859632    .4998035          0          1
      -------------+---------------------------------------------------------
      nsc_~2_4year |    409,247           0           0          0          0
      nsc_pe~2year |    409,247           0           0          0          0
      nsc_persis~3 |    409,247    .0124937    .1110748          0          1
      nsc_~3_4year |    409,247           0           0          0          0
      nsc_persis~4 |    409,247    4.89e-06    .0022107          0          1
      -------------+---------------------------------------------------------
      nsc_~4_4year |    409,247           0           0          0          0
           nsc_deg |    409,247    .0248334    .1556174          0          1
      nsc_deg_4y~r |    409,247           0           0          0          0
      nsc_deg_2y~r |    409,247           0           0          0          0
      nsc_deg_lt~r |    409,247           0           0          0          0
      -------------+---------------------------------------------------------
      nsc_~n_4year |    409,247           0           0          0          0
      nsc_~n_2year |    409,247           0           0          0          0
      ns~n_lt2year |    409,247           0           0          0          0
      2017
      
          Variable |        Obs        Mean    Std. dev.       Min        Max
      -------------+---------------------------------------------------------
           nsc_enr |     11,585    .2638757    .4407517          0          1
      nsc_enr_o~me |     11,585    .0104445    .1016678          0          1
      nsc_enr_4y~r |     11,585           0           0          0          0
      nsc_enr_2y~r |     11,585           0           0          0          0
      nsc_enr_lt~r |     11,585           0           0          0          0
      -------------+---------------------------------------------------------
      nsc_~e_4year |     11,585           0           0          0          0
      nsc_~e_2year |     11,585           0           0          0          0
      ns~e_lt2year |     11,585           0           0          0          0
       nsc_enr_pub |     11,585    .2436772    .4293187          0          1
      nsc_enr_priv |     11,585    .0252913    .1570153          0          1
      -------------+---------------------------------------------------------
      nsc_en~e_pub |     11,585    .0077687    .0878008          0          1
      nsc_e~e_priv |     11,585    .0026759    .0516618          0          1
      nsc_enr_4y~b |     11,585           0           0          0          0
      nsc_enr_4y~v |     11,585           0           0          0          0
      nsc_enr_2y~b |     11,585           0           0          0          0
      -------------+---------------------------------------------------------
      nsc_enr_2y~v |     11,585           0           0          0          0
      nsc_enr_lt~b |     11,585           0           0          0          0
      nsc_enr_lt~v |     11,585           0           0          0          0
      ~e_4year_pub |     11,585           0           0          0          0
      nsc_enr_on.. |     11,585           0           0          0          0
      -------------+---------------------------------------------------------
      ~e_2year_pub |     11,585           0           0          0          0
      nsc_enr_on.. |     11,585           0           0          0          0
      nsc_enr_on.. |     11,585           0           0          0          0
      nsc_enr_on.. |     11,585           0           0          0          0
      nsc_enr_in~e |     11,585    .2465257    .4310067          0          1
      -------------+---------------------------------------------------------
      nsc_enr_ou~e |     11,585    .0208028    .1427297          0          1
      ns~e_instate |     11,585    .0098403    .0987133          0          1
      n~e_outstate |     11,585    .0006042    .0245747          0          1
      nsc_enr_4y.. |     11,585           0           0          0          0
      nsc_enr_4y.. |     11,585           0           0          0          0
      -------------+---------------------------------------------------------
      nsc_enr_2y.. |     11,585           0           0          0          0
      nsc_enr_2y.. |     11,585           0           0          0          0
      nsc_enr_lt.. |     11,585           0           0          0          0
      nsc_enr_lt.. |     11,585           0           0          0          0
      nsc_enr_on.. |     11,585           0           0          0          0
      -------------+---------------------------------------------------------
      nsc_enr_on.. |     11,585           0           0          0          0
      nsc_enr_on.. |     11,585           0           0          0          0
      nsc_enr_on.. |     11,585           0           0          0          0
      nsc_enr_on.. |     11,585           0           0          0          0
      nsc_enr_on.. |     11,585           0           0          0          0
      -------------+---------------------------------------------------------
        nsc_enr_uc |     11,585    .0025032    .0499719          0          1
      nsc_enr_uc~s |     11,585    .0025032    .0499719          0          1
      nsc_enr_on~c |     11,585           0           0          0          0
      nsc_enr_on~s |     11,585           0           0          0          0
      nsc_persis~2 |     11,585    .0895123    .2854941          0          1
      -------------+---------------------------------------------------------
      nsc_~2_4year |     11,585           0           0          0          0
      nsc_pe~2year |     11,585           0           0          0          0
      nsc_persis~3 |     11,585     .005956    .0769481          0          1
      nsc_~3_4year |     11,585           0           0          0          0
      nsc_persis~4 |     11,585           0           0          0          0
      -------------+---------------------------------------------------------
      nsc_~4_4year |     11,585           0           0          0          0
           nsc_deg |     11,585     .011653    .1073229          0          1
      nsc_deg_4y~r |     11,585           0           0          0          0
      nsc_deg_2y~r |     11,585           0           0          0          0
      nsc_deg_lt~r |     11,585           0           0          0          0
      -------------+---------------------------------------------------------
      nsc_~n_4year |     11,585           0           0          0          0
      nsc_~n_2year |     11,585           0           0          0          0
      ns~n_lt2year |     11,585           0           0          0          0
      2016
      
          Variable |        Obs        Mean    Std. dev.       Min        Max
      -------------+---------------------------------------------------------
           nsc_enr |      2,756    .2169811    .4122645          0          1
      nsc_enr_o~me |      2,756    .0025399    .0503426          0          1
      nsc_enr_4y~r |      2,756           0           0          0          0
      nsc_enr_2y~r |      2,756           0           0          0          0
      nsc_enr_lt~r |      2,756           0           0          0          0
      -------------+---------------------------------------------------------
      nsc_~e_4year |      2,756           0           0          0          0
      nsc_~e_2year |      2,756           0           0          0          0
      ns~e_lt2year |      2,756           0           0          0          0
       nsc_enr_pub |      2,756    .1959361    .3969916          0          1
      nsc_enr_priv |      2,756    .0272134    .1627341          0          1
      -------------+---------------------------------------------------------
      nsc_en~e_pub |      2,756    .0021771    .0466167          0          1
      nsc_e~e_priv |      2,756    .0007257    .0269337          0          1
      nsc_enr_4y~b |      2,756           0           0          0          0
      nsc_enr_4y~v |      2,756           0           0          0          0
      nsc_enr_2y~b |      2,756           0           0          0          0
      -------------+---------------------------------------------------------
      nsc_enr_2y~v |      2,756           0           0          0          0
      nsc_enr_lt~b |      2,756           0           0          0          0
      nsc_enr_lt~v |      2,756           0           0          0          0
      ~e_4year_pub |      2,756           0           0          0          0
      nsc_enr_on.. |      2,756           0           0          0          0
      -------------+---------------------------------------------------------
      ~e_2year_pub |      2,756           0           0          0          0
      nsc_enr_on.. |      2,756           0           0          0          0
      nsc_enr_on.. |      2,756           0           0          0          0
      nsc_enr_on.. |      2,756           0           0          0          0
      nsc_enr_in~e |      2,756    .2013788    .4011032          0          1
      -------------+---------------------------------------------------------
      nsc_enr_ou~e |      2,756    .0177794    .1321727          0          1
      ns~e_instate |      2,756    .0025399    .0503426          0          1
      n~e_outstate |      2,756           0           0          0          0
      nsc_enr_4y.. |      2,756           0           0          0          0
      nsc_enr_4y.. |      2,756           0           0          0          0
      -------------+---------------------------------------------------------
      nsc_enr_2y.. |      2,756           0           0          0          0
      nsc_enr_2y.. |      2,756           0           0          0          0
      nsc_enr_lt.. |      2,756           0           0          0          0
      nsc_enr_lt.. |      2,756           0           0          0          0
      nsc_enr_on.. |      2,756           0           0          0          0
      -------------+---------------------------------------------------------
      nsc_enr_on.. |      2,756           0           0          0          0
      nsc_enr_on.. |      2,756           0           0          0          0
      nsc_enr_on.. |      2,756           0           0          0          0
      nsc_enr_on.. |      2,756           0           0          0          0
      nsc_enr_on.. |      2,756           0           0          0          0
      -------------+---------------------------------------------------------
        nsc_enr_uc |      2,756    .0010885     .032981          0          1
      nsc_enr_uc~s |      2,756    .0010885     .032981          0          1
      nsc_enr_on~c |      2,756           0           0          0          0
      nsc_enr_on~s |      2,756           0           0          0          0
      nsc_persis~2 |      2,756    .0689405    .2533989          0          1
      -------------+---------------------------------------------------------
      nsc_~2_4year |      2,756           0           0          0          0
      nsc_pe~2year |      2,756           0           0          0          0
      nsc_persis~3 |      2,756    .0050798    .0711045          0          1
      nsc_~3_4year |      2,756           0           0          0          0
      nsc_persis~4 |      2,756           0           0          0          0
      -------------+---------------------------------------------------------
      nsc_~4_4year |      2,756           0           0          0          0
           nsc_deg |      2,756    .0145138    .1196174          0          1
      nsc_deg_4y~r |      2,756           0           0          0          0
      nsc_deg_2y~r |      2,756           0           0          0          0
      nsc_deg_lt~r |      2,756           0           0          0          0
      -------------+---------------------------------------------------------
      nsc_~n_4year |      2,756           0           0          0          0
      nsc_~n_2year |      2,756           0           0          0          0
      ns~n_lt2year |      2,756           0           0          0          0
      2015
      
          Variable |        Obs        Mean    Std. dev.       Min        Max
      -------------+---------------------------------------------------------
           nsc_enr |        930    .2053763    .4041937          0          1
      nsc_enr_o~me |        930           0           0          0          0
      nsc_enr_4y~r |        930           0           0          0          0
      nsc_enr_2y~r |        930           0           0          0          0
      nsc_enr_lt~r |        930           0           0          0          0
      -------------+---------------------------------------------------------
      nsc_~e_4year |        930           0           0          0          0
      nsc_~e_2year |        930           0           0          0          0
      ns~e_lt2year |        930           0           0          0          0
       nsc_enr_pub |        930    .1827957    .3867069          0          1
      nsc_enr_priv |        930     .027957    .1649383          0          1
      -------------+---------------------------------------------------------
      nsc_en~e_pub |        930           0           0          0          0
      nsc_e~e_priv |        930           0           0          0          0
      nsc_enr_4y~b |        930           0           0          0          0
      nsc_enr_4y~v |        930           0           0          0          0
      nsc_enr_2y~b |        930           0           0          0          0
      -------------+---------------------------------------------------------
      nsc_enr_2y~v |        930           0           0          0          0
      nsc_enr_lt~b |        930           0           0          0          0
      nsc_enr_lt~v |        930           0           0          0          0
      ~e_4year_pub |        930           0           0          0          0
      nsc_enr_on.. |        930           0           0          0          0
      -------------+---------------------------------------------------------
      ~e_2year_pub |        930           0           0          0          0
      nsc_enr_on.. |        930           0           0          0          0
      nsc_enr_on.. |        930           0           0          0          0
      nsc_enr_on.. |        930           0           0          0          0
      nsc_enr_in~e |        930    .1978495    .3985924          0          1
      -------------+---------------------------------------------------------
      nsc_enr_ou~e |        930    .0107527    .1031917          0          1
      ns~e_instate |        930           0           0          0          0
      n~e_outstate |        930           0           0          0          0
      nsc_enr_4y.. |        930           0           0          0          0
      nsc_enr_4y.. |        930           0           0          0          0
      -------------+---------------------------------------------------------
      nsc_enr_2y.. |        930           0           0          0          0
      nsc_enr_2y.. |        930           0           0          0          0
      nsc_enr_lt.. |        930           0           0          0          0
      nsc_enr_lt.. |        930           0           0          0          0
      nsc_enr_on.. |        930           0           0          0          0
      -------------+---------------------------------------------------------
      nsc_enr_on.. |        930           0           0          0          0
      nsc_enr_on.. |        930           0           0          0          0
      nsc_enr_on.. |        930           0           0          0          0
      nsc_enr_on.. |        930           0           0          0          0
      nsc_enr_on.. |        930           0           0          0          0
      -------------+---------------------------------------------------------
        nsc_enr_uc |        930           0           0          0          0
      nsc_enr_uc~s |        930           0           0          0          0
      nsc_enr_on~c |        930           0           0          0          0
      nsc_enr_on~s |        930           0           0          0          0
      nsc_persis~2 |        930     .055914    .2298792          0          1
      -------------+---------------------------------------------------------
      nsc_~2_4year |        930           0           0          0          0
      nsc_pe~2year |        930           0           0          0          0
      nsc_persis~3 |        930    .0064516    .0801055          0          1
      nsc_~3_4year |        930           0           0          0          0
      nsc_persis~4 |        930           0           0          0          0
      -------------+---------------------------------------------------------
      nsc_~4_4year |        930           0           0          0          0
           nsc_deg |        930    .0096774    .0979494          0          1
      nsc_deg_4y~r |        930           0           0          0          0
      nsc_deg_2y~r |        930           0           0          0          0
      nsc_deg_lt~r |        930           0           0          0          0
      -------------+---------------------------------------------------------
      nsc_~n_4year |        930           0           0          0          0
      nsc_~n_2year |        930           0           0          0          0
      ns~n_lt2year |        930           0           0          0          0
      2014
      
          Variable |        Obs        Mean    Std. dev.       Min        Max
      -------------+---------------------------------------------------------
           nsc_enr |          0
      nsc_enr_o~me |          0
      nsc_enr_4y~r |          0
      nsc_enr_2y~r |          0
      nsc_enr_lt~r |          0
      -------------+---------------------------------------------------------
      nsc_~e_4year |          0
      nsc_~e_2year |          0
      ns~e_lt2year |          0
       nsc_enr_pub |          0
      nsc_enr_priv |          0
      -------------+---------------------------------------------------------
      nsc_en~e_pub |          0
      nsc_e~e_priv |          0
      nsc_enr_4y~b |          0
      nsc_enr_4y~v |          0
      nsc_enr_2y~b |          0
      -------------+---------------------------------------------------------
      nsc_enr_2y~v |          0
      nsc_enr_lt~b |          0
      nsc_enr_lt~v |          0
      ~e_4year_pub |          0
      nsc_enr_on.. |          0
      -------------+---------------------------------------------------------
      ~e_2year_pub |          0
      nsc_enr_on.. |          0
      nsc_enr_on.. |          0
      nsc_enr_on.. |          0
      nsc_enr_in~e |          0
      -------------+---------------------------------------------------------
      nsc_enr_ou~e |          0
      ns~e_instate |          0
      n~e_outstate |          0
      nsc_enr_4y.. |          0
      nsc_enr_4y.. |          0
      -------------+---------------------------------------------------------
      nsc_enr_2y.. |          0
      nsc_enr_2y.. |          0
      nsc_enr_lt.. |          0
      nsc_enr_lt.. |          0
      nsc_enr_on.. |          0
      -------------+---------------------------------------------------------
      nsc_enr_on.. |          0
      nsc_enr_on.. |          0
      nsc_enr_on.. |          0
      nsc_enr_on.. |          0
      nsc_enr_on.. |          0
      -------------+---------------------------------------------------------
        nsc_enr_uc |          0
      nsc_enr_uc~s |          0
      nsc_enr_on~c |          0
      nsc_enr_on~s |          0
      nsc_persis~2 |          0
      -------------+---------------------------------------------------------
      nsc_~2_4year |          0
      nsc_pe~2year |          0
      nsc_persis~3 |          0
      nsc_~3_4year |          0
      nsc_persis~4 |          0
      -------------+---------------------------------------------------------
      nsc_~4_4year |          0
           nsc_deg |          0
      nsc_deg_4y~r |          0
      nsc_deg_2y~r |          0
      nsc_deg_lt~r |          0
      -------------+---------------------------------------------------------
      nsc_~n_4year |          0
      nsc_~n_2year |          0
      ns~n_lt2year |          0
      2013
      
          Variable |        Obs        Mean    Std. dev.       Min        Max
      -------------+---------------------------------------------------------
           nsc_enr |        372    .1424731    .3500055          0          1
      nsc_enr_o~me |        372           0           0          0          0
      nsc_enr_4y~r |        372           0           0          0          0
      nsc_enr_2y~r |        372           0           0          0          0
      nsc_enr_lt~r |        372           0           0          0          0
      -------------+---------------------------------------------------------
      nsc_~e_4year |        372           0           0          0          0
      nsc_~e_2year |        372           0           0          0          0
      ns~e_lt2year |        372           0           0          0          0
       nsc_enr_pub |        372    .1209677     .326529          0          1
      nsc_enr_priv |        372    .0215054    .1452571          0          1
      -------------+---------------------------------------------------------
      nsc_en~e_pub |        372           0           0          0          0
      nsc_e~e_priv |        372           0           0          0          0
      nsc_enr_4y~b |        372           0           0          0          0
      nsc_enr_4y~v |        372           0           0          0          0
      nsc_enr_2y~b |        372           0           0          0          0
      -------------+---------------------------------------------------------
      nsc_enr_2y~v |        372           0           0          0          0
      nsc_enr_lt~b |        372           0           0          0          0
      nsc_enr_lt~v |        372           0           0          0          0
      ~e_4year_pub |        372           0           0          0          0
      nsc_enr_on.. |        372           0           0          0          0
      -------------+---------------------------------------------------------
      ~e_2year_pub |        372           0           0          0          0
      nsc_enr_on.. |        372           0           0          0          0
      nsc_enr_on.. |        372           0           0          0          0
      nsc_enr_on.. |        372           0           0          0          0
      nsc_enr_in~e |        372    .1344086    .3415502          0          1
      -------------+---------------------------------------------------------
      nsc_enr_ou~e |        372    .0080645    .0895603          0          1
      ns~e_instate |        372           0           0          0          0
      n~e_outstate |        372           0           0          0          0
      nsc_enr_4y.. |        372           0           0          0          0
      nsc_enr_4y.. |        372           0           0          0          0
      -------------+---------------------------------------------------------
      nsc_enr_2y.. |        372           0           0          0          0
      nsc_enr_2y.. |        372           0           0          0          0
      nsc_enr_lt.. |        372           0           0          0          0
      nsc_enr_lt.. |        372           0           0          0          0
      nsc_enr_on.. |        372           0           0          0          0
      -------------+---------------------------------------------------------
      nsc_enr_on.. |        372           0           0          0          0
      nsc_enr_on.. |        372           0           0          0          0
      nsc_enr_on.. |        372           0           0          0          0
      nsc_enr_on.. |        372           0           0          0          0
      nsc_enr_on.. |        372           0           0          0          0
      -------------+---------------------------------------------------------
        nsc_enr_uc |        372    .0053763    .0732247          0          1
      nsc_enr_uc~s |        372    .0053763    .0732247          0          1
      nsc_enr_on~c |        372           0           0          0          0
      nsc_enr_on~s |        372           0           0          0          0
      nsc_persis~2 |        372    .0295699    .1696256          0          1
      -------------+---------------------------------------------------------
      nsc_~2_4year |        372           0           0          0          0
      nsc_pe~2year |        372           0           0          0          0
      nsc_persis~3 |        372    .0053763    .0732247          0          1
      nsc_~3_4year |        372           0           0          0          0
      nsc_persis~4 |        372           0           0          0          0
      -------------+---------------------------------------------------------
      nsc_~4_4year |        372           0           0          0          0
           nsc_deg |        372    .0080645    .0895603          0          1
      nsc_deg_4y~r |        372           0           0          0          0
      nsc_deg_2y~r |        372           0           0          0          0
      nsc_deg_lt~r |        372           0           0          0          0
      -------------+---------------------------------------------------------
      nsc_~n_4year |        372           0           0          0          0
      nsc_~n_2year |        372           0           0          0          0
      ns~n_lt2year |        372           0           0          0          0
      2012
      
          Variable |        Obs        Mean    Std. dev.       Min        Max
      -------------+---------------------------------------------------------
           nsc_enr |        159    .1823899    .3873857          0          1
      nsc_enr_o~me |        159           0           0          0          0
      nsc_enr_4y~r |        159           0           0          0          0
      nsc_enr_2y~r |        159           0           0          0          0
      nsc_enr_lt~r |        159           0           0          0          0
      -------------+---------------------------------------------------------
      nsc_~e_4year |        159           0           0          0          0
      nsc_~e_2year |        159           0           0          0          0
      ns~e_lt2year |        159           0           0          0          0
       nsc_enr_pub |        159    .1572327    .3651702          0          1
      nsc_enr_priv |        159    .0314465    .1750726          0          1
      -------------+---------------------------------------------------------
      nsc_en~e_pub |        159           0           0          0          0
      nsc_e~e_priv |        159           0           0          0          0
      nsc_enr_4y~b |        159           0           0          0          0
      nsc_enr_4y~v |        159           0           0          0          0
      nsc_enr_2y~b |        159           0           0          0          0
      -------------+---------------------------------------------------------
      nsc_enr_2y~v |        159           0           0          0          0
      nsc_enr_lt~b |        159           0           0          0          0
      nsc_enr_lt~v |        159           0           0          0          0
      ~e_4year_pub |        159           0           0          0          0
      nsc_enr_on.. |        159           0           0          0          0
      -------------+---------------------------------------------------------
      ~e_2year_pub |        159           0           0          0          0
      nsc_enr_on.. |        159           0           0          0          0
      nsc_enr_on.. |        159           0           0          0          0
      nsc_enr_on.. |        159           0           0          0          0
      nsc_enr_in~e |        159    .1698113    .3766533          0          1
      -------------+---------------------------------------------------------
      nsc_enr_ou~e |        159    .0125786    .1117989          0          1
      ns~e_instate |        159           0           0          0          0
      n~e_outstate |        159           0           0          0          0
      nsc_enr_4y.. |        159           0           0          0          0
      nsc_enr_4y.. |        159           0           0          0          0
      -------------+---------------------------------------------------------
      nsc_enr_2y.. |        159           0           0          0          0
      nsc_enr_2y.. |        159           0           0          0          0
      nsc_enr_lt.. |        159           0           0          0          0
      nsc_enr_lt.. |        159           0           0          0          0
      nsc_enr_on.. |        159           0           0          0          0
      -------------+---------------------------------------------------------
      nsc_enr_on.. |        159           0           0          0          0
      nsc_enr_on.. |        159           0           0          0          0
      nsc_enr_on.. |        159           0           0          0          0
      nsc_enr_on.. |        159           0           0          0          0
      nsc_enr_on.. |        159           0           0          0          0
      -------------+---------------------------------------------------------
        nsc_enr_uc |        159           0           0          0          0
      nsc_enr_uc~s |        159           0           0          0          0
      nsc_enr_on~c |        159           0           0          0          0
      nsc_enr_on~s |        159           0           0          0          0
      nsc_persis~2 |        159    .0691824    .2545658          0          1
      -------------+---------------------------------------------------------
      nsc_~2_4year |        159           0           0          0          0
      nsc_pe~2year |        159           0           0          0          0
      nsc_persis~3 |        159           0           0          0          0
      nsc_~3_4year |        159           0           0          0          0
      nsc_persis~4 |        159           0           0          0          0
      -------------+---------------------------------------------------------
      nsc_~4_4year |        159           0           0          0          0
           nsc_deg |        159    .0125786    .1117989          0          1
      nsc_deg_4y~r |        159           0           0          0          0
      nsc_deg_2y~r |        159           0           0          0          0
      nsc_deg_lt~r |        159           0           0          0          0
      -------------+---------------------------------------------------------
      nsc_~n_4year |        159           0           0          0          0
      nsc_~n_2year |        159           0           0          0          0
      ns~n_lt2year |        159           0           0          0          0
      2011
      
          Variable |        Obs        Mean    Std. dev.       Min        Max
      -------------+---------------------------------------------------------
           nsc_enr |        126    .2063492    .4062996          0          1
      nsc_enr_o~me |        126           0           0          0          0
      nsc_enr_4y~r |        126           0           0          0          0
      nsc_enr_2y~r |        126           0           0          0          0
      nsc_enr_lt~r |        126           0           0          0          0
      -------------+---------------------------------------------------------
      nsc_~e_4year |        126           0           0          0          0
      nsc_~e_2year |        126           0           0          0          0
      ns~e_lt2year |        126           0           0          0          0
       nsc_enr_pub |        126    .1825397    .3878308          0          1
      nsc_enr_priv |        126    .0396825    .1959916          0          1
      -------------+---------------------------------------------------------
      nsc_en~e_pub |        126           0           0          0          0
      nsc_e~e_priv |        126           0           0          0          0
      nsc_enr_4y~b |        126           0           0          0          0
      nsc_enr_4y~v |        126           0           0          0          0
      nsc_enr_2y~b |        126           0           0          0          0
      -------------+---------------------------------------------------------
      nsc_enr_2y~v |        126           0           0          0          0
      nsc_enr_lt~b |        126           0           0          0          0
      nsc_enr_lt~v |        126           0           0          0          0
      ~e_4year_pub |        126           0           0          0          0
      nsc_enr_on.. |        126           0           0          0          0
      -------------+---------------------------------------------------------
      ~e_2year_pub |        126           0           0          0          0
      nsc_enr_on.. |        126           0           0          0          0
      nsc_enr_on.. |        126           0           0          0          0
      nsc_enr_on.. |        126           0           0          0          0
      nsc_enr_in~e |        126    .1825397    .3878308          0          1
      -------------+---------------------------------------------------------
      nsc_enr_ou~e |        126     .031746    .1760231          0          1
      ns~e_instate |        126           0           0          0          0
      n~e_outstate |        126           0           0          0          0
      nsc_enr_4y.. |        126           0           0          0          0
      nsc_enr_4y.. |        126           0           0          0          0
      -------------+---------------------------------------------------------
      nsc_enr_2y.. |        126           0           0          0          0
      nsc_enr_2y.. |        126           0           0          0          0
      nsc_enr_lt.. |        126           0           0          0          0
      nsc_enr_lt.. |        126           0           0          0          0
      nsc_enr_on.. |        126           0           0          0          0
      -------------+---------------------------------------------------------
      nsc_enr_on.. |        126           0           0          0          0
      nsc_enr_on.. |        126           0           0          0          0
      nsc_enr_on.. |        126           0           0          0          0
      nsc_enr_on.. |        126           0           0          0          0
      nsc_enr_on.. |        126           0           0          0          0
      -------------+---------------------------------------------------------
        nsc_enr_uc |        126           0           0          0          0
      nsc_enr_uc~s |        126           0           0          0          0
      nsc_enr_on~c |        126           0           0          0          0
      nsc_enr_on~s |        126           0           0          0          0
      nsc_persis~2 |        126     .047619     .213809          0          1
      -------------+---------------------------------------------------------
      nsc_~2_4year |        126           0           0          0          0
      nsc_pe~2year |        126           0           0          0          0
      nsc_persis~3 |        126           0           0          0          0
      nsc_~3_4year |        126           0           0          0          0
      nsc_persis~4 |        126           0           0          0          0
      -------------+---------------------------------------------------------
      nsc_~4_4year |        126           0           0          0          0
           nsc_deg |        126    .0079365    .0890871          0          1
      nsc_deg_4y~r |        126           0           0          0          0
      nsc_deg_2y~r |        126           0           0          0          0
      nsc_deg_lt~r |        126           0           0          0          0
      -------------+---------------------------------------------------------
      nsc_~n_4year |        126           0           0          0          0
      nsc_~n_2year |        126           0           0          0          0
      ns~n_lt2year |        126           0           0          0          0
      2010
      
          Variable |        Obs        Mean    Std. dev.       Min        Max
      -------------+---------------------------------------------------------
           nsc_enr |        100         .19    .3942772          0          1
      nsc_enr_o~me |        100           0           0          0          0
      nsc_enr_4y~r |        100           0           0          0          0
      nsc_enr_2y~r |        100           0           0          0          0
      nsc_enr_lt~r |        100           0           0          0          0
      -------------+---------------------------------------------------------
      nsc_~e_4year |        100           0           0          0          0
      nsc_~e_2year |        100           0           0          0          0
      ns~e_lt2year |        100           0           0          0          0
       nsc_enr_pub |        100         .18    .3861229          0          1
      nsc_enr_priv |        100         .02    .1407053          0          1
      -------------+---------------------------------------------------------
      nsc_en~e_pub |        100           0           0          0          0
      nsc_e~e_priv |        100           0           0          0          0
      nsc_enr_4y~b |        100           0           0          0          0
      nsc_enr_4y~v |        100           0           0          0          0
      nsc_enr_2y~b |        100           0           0          0          0
      -------------+---------------------------------------------------------
      nsc_enr_2y~v |        100           0           0          0          0
      nsc_enr_lt~b |        100           0           0          0          0
      nsc_enr_lt~v |        100           0           0          0          0
      ~e_4year_pub |        100           0           0          0          0
      nsc_enr_on.. |        100           0           0          0          0
      -------------+---------------------------------------------------------
      ~e_2year_pub |        100           0           0          0          0
      nsc_enr_on.. |        100           0           0          0          0
      nsc_enr_on.. |        100           0           0          0          0
      nsc_enr_on.. |        100           0           0          0          0
      nsc_enr_in~e |        100         .16    .3684529          0          1
      -------------+---------------------------------------------------------
      nsc_enr_ou~e |        100         .03    .1714466          0          1
      ns~e_instate |        100           0           0          0          0
      n~e_outstate |        100           0           0          0          0
      nsc_enr_4y.. |        100           0           0          0          0
      nsc_enr_4y.. |        100           0           0          0          0
      -------------+---------------------------------------------------------
      nsc_enr_2y.. |        100           0           0          0          0
      nsc_enr_2y.. |        100           0           0          0          0
      nsc_enr_lt.. |        100           0           0          0          0
      nsc_enr_lt.. |        100           0           0          0          0
      nsc_enr_on.. |        100           0           0          0          0
      -------------+---------------------------------------------------------
      nsc_enr_on.. |        100           0           0          0          0
      nsc_enr_on.. |        100           0           0          0          0
      nsc_enr_on.. |        100           0           0          0          0
      nsc_enr_on.. |        100           0           0          0          0
      nsc_enr_on.. |        100           0           0          0          0
      -------------+---------------------------------------------------------
        nsc_enr_uc |        100         .01          .1          0          1
      nsc_enr_uc~s |        100         .01          .1          0          1
      nsc_enr_on~c |        100           0           0          0          0
      nsc_enr_on~s |        100           0           0          0          0
      nsc_persis~2 |        100         .08    .2726599          0          1
      -------------+---------------------------------------------------------
      nsc_~2_4year |        100           0           0          0          0
      nsc_pe~2year |        100           0           0          0          0
      nsc_persis~3 |        100           0           0          0          0
      nsc_~3_4year |        100           0           0          0          0
      nsc_persis~4 |        100           0           0          0          0
      -------------+---------------------------------------------------------
      nsc_~4_4year |        100           0           0          0          0
           nsc_deg |        100         .01          .1          0          1
      nsc_deg_4y~r |        100           0           0          0          0
      nsc_deg_2y~r |        100           0           0          0          0
      nsc_deg_lt~r |        100           0           0          0          0
      -------------+---------------------------------------------------------
      nsc_~n_4year |        100           0           0          0          0
      nsc_~n_2year |        100           0           0          0          0
      ns~n_lt2year |        100           0           0          0          0
      (file
          /home/research/ca_ed_lab/chesun/gsr/caschls/out/txt/outcomesumstats/nsc201
          > 9new/nsc_2019_final_sumstats_matching.txt not found)
