                                                       ___  ____  ____  ____  ____(R)
                                                      /__    /   ____/   /   ____/   
                                                     ___/   /   /___/   /   /___/    
                                                       Statistics/Data analysis      
      
      2019
      
          Variable |        Obs        Mean    Std. dev.       Min        Max
      -------------+---------------------------------------------------------
           nsc_enr |      2,793    .5356248    .4988186          0          1
      nsc_enr_o~me |      2,793    .4010025    .4901893          0          1
      nsc_enr_4y~r |      2,793           0           0          0          0
      nsc_enr_2y~r |      2,793           0           0          0          0
      nsc_enr_lt~r |      2,793           0           0          0          0
      -------------+---------------------------------------------------------
      nsc_~e_4year |      2,793           0           0          0          0
      nsc_~e_2year |      2,793           0           0          0          0
      ns~e_lt2year |      2,793           0           0          0          0
       nsc_enr_pub |      2,793    .5069817    .5000408          0          1
      nsc_enr_priv |      2,793    .0451128    .2075887          0          1
      -------------+---------------------------------------------------------
      nsc_en~e_pub |      2,793    .3780881    .4849966          0          1
      nsc_e~e_priv |      2,793    .0293591    .1688412          0          1
      nsc_enr_4y~b |      2,793           0           0          0          0
      nsc_enr_4y~v |      2,793           0           0          0          0
      nsc_enr_2y~b |      2,793           0           0          0          0
      -------------+---------------------------------------------------------
      nsc_enr_2y~v |      2,793           0           0          0          0
      nsc_enr_lt~b |      2,793           0           0          0          0
      nsc_enr_lt~v |      2,793           0           0          0          0
      ~e_4year_pub |      2,793           0           0          0          0
      nsc_enr_on.. |      2,793           0           0          0          0
      -------------+---------------------------------------------------------
      ~e_2year_pub |      2,793           0           0          0          0
      nsc_enr_on.. |      2,793           0           0          0          0
      nsc_enr_on.. |      2,793           0           0          0          0
      nsc_enr_on.. |      2,793           0           0          0          0
      nsc_enr_in~e |      2,793    .4991049    .5000887          0          1
      -------------+---------------------------------------------------------
      nsc_enr_ou~e |      2,793    .0572861      .23243          0          1
      ns~e_instate |      2,793    .3623344    .4807608          0          1
      n~e_outstate |      2,793    .0440387    .2052178          0          1
      nsc_enr_4y.. |      2,793           0           0          0          0
      nsc_enr_4y.. |      2,793           0           0          0          0
      -------------+---------------------------------------------------------
      nsc_enr_2y.. |      2,793           0           0          0          0
      nsc_enr_2y.. |      2,793           0           0          0          0
      nsc_enr_lt.. |      2,793           0           0          0          0
      nsc_enr_lt.. |      2,793           0           0          0          0
      nsc_enr_on.. |      2,793           0           0          0          0
      -------------+---------------------------------------------------------
      nsc_enr_on.. |      2,793           0           0          0          0
      nsc_enr_on.. |      2,793           0           0          0          0
      nsc_enr_on.. |      2,793           0           0          0          0
      nsc_enr_on.. |      2,793           0           0          0          0
      nsc_enr_on.. |      2,793           0           0          0          0
      -------------+---------------------------------------------------------
        nsc_enr_uc |      2,793    .0225564    .1485109          0          1
      nsc_enr_uc~s |      2,793    .0236305    .1519222          0          1
      nsc_enr_on~c |      2,793    .0164697    .1272961          0          1
      nsc_enr_on~s |      2,793    .0175439    .1313097          0          1
      nsc_persis~2 |      2,793    .2971715    .4570945          0          1
      -------------+---------------------------------------------------------
      nsc_~2_4year |      2,793           0           0          0          0
      nsc_pe~2year |      2,793           0           0          0          0
      nsc_persis~3 |      2,793    .0136054    .1158669          0          1
      nsc_~3_4year |      2,793           0           0          0          0
      nsc_persis~4 |      2,793           0           0          0          0
      -------------+---------------------------------------------------------
      nsc_~4_4year |      2,793           0           0          0          0
           nsc_deg |      2,793    .0354458    .1849367          0          1
      nsc_deg_4y~r |      2,793           0           0          0          0
      nsc_deg_2y~r |      2,793           0           0          0          0
      nsc_deg_lt~r |      2,793           0           0          0          0
      -------------+---------------------------------------------------------
      nsc_~n_4year |      2,793           0           0          0          0
      nsc_~n_2year |      2,793           0           0          0          0
      ns~n_lt2year |      2,793           0           0          0          0
      2018
      
          Variable |        Obs        Mean    Std. dev.       Min        Max
      -------------+---------------------------------------------------------
           nsc_enr |    381,665     .713356    .4521944          0          1
      nsc_enr_o~me |    381,665    .6835235    .4651018          0          1
      nsc_enr_4y~r |    381,665           0           0          0          0
      nsc_enr_2y~r |    381,665           0           0          0          0
      nsc_enr_lt~r |    381,665           0           0          0          0
      -------------+---------------------------------------------------------
      nsc_~e_4year |    381,665           0           0          0          0
      nsc_~e_2year |    381,665           0           0          0          0
      ns~e_lt2year |    381,665           0           0          0          0
       nsc_enr_pub |    381,665     .661423    .4732264          0          1
      nsc_enr_priv |    381,665    .0756658     .264463          0          1
      -------------+---------------------------------------------------------
      nsc_en~e_pub |    381,665    .6231512    .4845972          0          1
      nsc_e~e_priv |    381,665    .0648946    .2463401          0          1
      nsc_enr_4y~b |    381,665           0           0          0          0
      nsc_enr_4y~v |    381,665           0           0          0          0
      nsc_enr_2y~b |    381,665           0           0          0          0
      -------------+---------------------------------------------------------
      nsc_enr_2y~v |    381,665           0           0          0          0
      nsc_enr_lt~b |    381,665           0           0          0          0
      nsc_enr_lt~v |    381,665           0           0          0          0
      ~e_4year_pub |    381,665           0           0          0          0
      nsc_enr_on.. |    381,665           0           0          0          0
      -------------+---------------------------------------------------------
      ~e_2year_pub |    381,665           0           0          0          0
      nsc_enr_on.. |    381,665           0           0          0          0
      nsc_enr_on.. |    381,665           0           0          0          0
      nsc_enr_on.. |    381,665           0           0          0          0
      nsc_enr_in~e |    381,665    .6487574    .4773592          0          1
      -------------+---------------------------------------------------------
      nsc_enr_ou~e |    381,665    .0853052    .2793357          0          1
      ns~e_instate |    381,665    .6127939     .487112          0          1
      n~e_outstate |    381,665    .0751523    .2636373          0          1
      nsc_enr_4y.. |    381,665           0           0          0          0
      nsc_enr_4y.. |    381,665           0           0          0          0
      -------------+---------------------------------------------------------
      nsc_enr_2y.. |    381,665           0           0          0          0
      nsc_enr_2y.. |    381,665           0           0          0          0
      nsc_enr_lt.. |    381,665           0           0          0          0
      nsc_enr_lt.. |    381,665           0           0          0          0
      nsc_enr_on.. |    381,665           0           0          0          0
      -------------+---------------------------------------------------------
      nsc_enr_on.. |    381,665           0           0          0          0
      nsc_enr_on.. |    381,665           0           0          0          0
      nsc_enr_on.. |    381,665           0           0          0          0
      nsc_enr_on.. |    381,665           0           0          0          0
      nsc_enr_on.. |    381,665           0           0          0          0
      -------------+---------------------------------------------------------
        nsc_enr_uc |    381,665    .0840056    .2773966          0          1
      nsc_enr_uc~s |    381,665    .0882659    .2836816          0          1
      nsc_enr_on~c |    381,665    .0801881    .2715846          0          1
      nsc_enr_on~s |    381,665    .0834842    .2766131          0          1
      nsc_persis~2 |    381,665    .5067245    .4999554          0          1
      -------------+---------------------------------------------------------
      nsc_~2_4year |    381,665           0           0          0          0
      nsc_pe~2year |    381,665           0           0          0          0
      nsc_persis~3 |    381,665    .0129328    .1129849          0          1
      nsc_~3_4year |    381,665           0           0          0          0
      nsc_persis~4 |    381,665    5.24e-06    .0022891          0          1
      -------------+---------------------------------------------------------
      nsc_~4_4year |    381,665           0           0          0          0
           nsc_deg |    381,665    .0255984     .157934          0          1
      nsc_deg_4y~r |    381,665           0           0          0          0
      nsc_deg_2y~r |    381,665           0           0          0          0
      nsc_deg_lt~r |    381,665           0           0          0          0
      -------------+---------------------------------------------------------
      nsc_~n_4year |    381,665           0           0          0          0
      nsc_~n_2year |    381,665           0           0          0          0
      ns~n_lt2year |    381,665           0           0          0          0
      2017
      
          Variable |        Obs        Mean    Std. dev.       Min        Max
      -------------+---------------------------------------------------------
           nsc_enr |      8,228    .2806271    .4493329          0          1
      nsc_enr_o~me |      8,228    .0114244    .1062792          0          1
      nsc_enr_4y~r |      8,228           0           0          0          0
      nsc_enr_2y~r |      8,228           0           0          0          0
      nsc_enr_lt~r |      8,228           0           0          0          0
      -------------+---------------------------------------------------------
      nsc_~e_4year |      8,228           0           0          0          0
      nsc_~e_2year |      8,228           0           0          0          0
      ns~e_lt2year |      8,228           0           0          0          0
       nsc_enr_pub |      8,228    .2608167    .4391068          0          1
      nsc_enr_priv |      8,228    .0250365    .1562453          0          1
      -------------+---------------------------------------------------------
      nsc_en~e_pub |      8,228    .0081429    .0898755          0          1
      nsc_e~e_priv |      8,228    .0032815    .0571936          0          1
      nsc_enr_4y~b |      8,228           0           0          0          0
      nsc_enr_4y~v |      8,228           0           0          0          0
      nsc_enr_2y~b |      8,228           0           0          0          0
      -------------+---------------------------------------------------------
      nsc_enr_2y~v |      8,228           0           0          0          0
      nsc_enr_lt~b |      8,228           0           0          0          0
      nsc_enr_lt~v |      8,228           0           0          0          0
      ~e_4year_pub |      8,228           0           0          0          0
      nsc_enr_on.. |      8,228           0           0          0          0
      -------------+---------------------------------------------------------
      ~e_2year_pub |      8,228           0           0          0          0
      nsc_enr_on.. |      8,228           0           0          0          0
      nsc_enr_on.. |      8,228           0           0          0          0
      nsc_enr_on.. |      8,228           0           0          0          0
      nsc_enr_in~e |      8,228    .2636121    .4406181          0          1
      -------------+---------------------------------------------------------
      nsc_enr_ou~e |      8,228    .0206612    .1422559          0          1
      ns~e_instate |      8,228    .0108167    .1034457          0          1
      n~e_outstate |      8,228    .0006077    .0246452          0          1
      nsc_enr_4y.. |      8,228           0           0          0          0
      nsc_enr_4y.. |      8,228           0           0          0          0
      -------------+---------------------------------------------------------
      nsc_enr_2y.. |      8,228           0           0          0          0
      nsc_enr_2y.. |      8,228           0           0          0          0
      nsc_enr_lt.. |      8,228           0           0          0          0
      nsc_enr_lt.. |      8,228           0           0          0          0
      nsc_enr_on.. |      8,228           0           0          0          0
      -------------+---------------------------------------------------------
      nsc_enr_on.. |      8,228           0           0          0          0
      nsc_enr_on.. |      8,228           0           0          0          0
      nsc_enr_on.. |      8,228           0           0          0          0
      nsc_enr_on.. |      8,228           0           0          0          0
      nsc_enr_on.. |      8,228           0           0          0          0
      -------------+---------------------------------------------------------
        nsc_enr_uc |      8,228    .0030384    .0550413          0          1
      nsc_enr_uc~s |      8,228    .0030384    .0550413          0          1
      nsc_enr_on~c |      8,228           0           0          0          0
      nsc_enr_on~s |      8,228           0           0          0          0
      nsc_persis~2 |      8,228    .1033058    .3043763          0          1
      -------------+---------------------------------------------------------
      nsc_~2_4year |      8,228           0           0          0          0
      nsc_pe~2year |      8,228           0           0          0          0
      nsc_persis~3 |      8,228    .0070491    .0836676          0          1
      nsc_~3_4year |      8,228           0           0          0          0
      nsc_persis~4 |      8,228           0           0          0          0
      -------------+---------------------------------------------------------
      nsc_~4_4year |      8,228           0           0          0          0
           nsc_deg |      8,228    .0120321    .1090356          0          1
      nsc_deg_4y~r |      8,228           0           0          0          0
      nsc_deg_2y~r |      8,228           0           0          0          0
      nsc_deg_lt~r |      8,228           0           0          0          0
      -------------+---------------------------------------------------------
      nsc_~n_4year |      8,228           0           0          0          0
      nsc_~n_2year |      8,228           0           0          0          0
      ns~n_lt2year |      8,228           0           0          0          0
      2016
      
          Variable |        Obs        Mean    Std. dev.       Min        Max
      -------------+---------------------------------------------------------
           nsc_enr |      1,934    .2244054     .417298          0          1
      nsc_enr_o~me |      1,934    .0025853    .0507934          0          1
      nsc_enr_4y~r |      1,934           0           0          0          0
      nsc_enr_2y~r |      1,934           0           0          0          0
      nsc_enr_lt~r |      1,934           0           0          0          0
      -------------+---------------------------------------------------------
      nsc_~e_4year |      1,934           0           0          0          0
      nsc_~e_2year |      1,934           0           0          0          0
      ns~e_lt2year |      1,934           0           0          0          0
       nsc_enr_pub |      1,934    .2037229    .4028694          0          1
      nsc_enr_priv |      1,934    .0268873    .1617958          0          1
      -------------+---------------------------------------------------------
      nsc_en~e_pub |      1,934    .0020683    .0454427          0          1
      nsc_e~e_priv |      1,934    .0010341    .0321495          0          1
      nsc_enr_4y~b |      1,934           0           0          0          0
      nsc_enr_4y~v |      1,934           0           0          0          0
      nsc_enr_2y~b |      1,934           0           0          0          0
      -------------+---------------------------------------------------------
      nsc_enr_2y~v |      1,934           0           0          0          0
      nsc_enr_lt~b |      1,934           0           0          0          0
      nsc_enr_lt~v |      1,934           0           0          0          0
      ~e_4year_pub |      1,934           0           0          0          0
      nsc_enr_on.. |      1,934           0           0          0          0
      -------------+---------------------------------------------------------
      ~e_2year_pub |      1,934           0           0          0          0
      nsc_enr_on.. |      1,934           0           0          0          0
      nsc_enr_on.. |      1,934           0           0          0          0
      nsc_enr_on.. |      1,934           0           0          0          0
      nsc_enr_in~e |      1,934    .2073423    .4055077          0          1
      -------------+---------------------------------------------------------
      nsc_enr_ou~e |      1,934    .0191313     .137022          0          1
      ns~e_instate |      1,934    .0025853    .0507934          0          1
      n~e_outstate |      1,934           0           0          0          0
      nsc_enr_4y.. |      1,934           0           0          0          0
      nsc_enr_4y.. |      1,934           0           0          0          0
      -------------+---------------------------------------------------------
      nsc_enr_2y.. |      1,934           0           0          0          0
      nsc_enr_2y.. |      1,934           0           0          0          0
      nsc_enr_lt.. |      1,934           0           0          0          0
      nsc_enr_lt.. |      1,934           0           0          0          0
      nsc_enr_on.. |      1,934           0           0          0          0
      -------------+---------------------------------------------------------
      nsc_enr_on.. |      1,934           0           0          0          0
      nsc_enr_on.. |      1,934           0           0          0          0
      nsc_enr_on.. |      1,934           0           0          0          0
      nsc_enr_on.. |      1,934           0           0          0          0
      nsc_enr_on.. |      1,934           0           0          0          0
      -------------+---------------------------------------------------------
        nsc_enr_uc |      1,934    .0015512    .0393648          0          1
      nsc_enr_uc~s |      1,934    .0015512    .0393648          0          1
      nsc_enr_on~c |      1,934           0           0          0          0
      nsc_enr_on~s |      1,934           0           0          0          0
      nsc_persis~2 |      1,934    .0754912    .2642506          0          1
      -------------+---------------------------------------------------------
      nsc_~2_4year |      1,934           0           0          0          0
      nsc_pe~2year |      1,934           0           0          0          0
      nsc_persis~3 |      1,934    .0056877    .0752215          0          1
      nsc_~3_4year |      1,934           0           0          0          0
      nsc_persis~4 |      1,934           0           0          0          0
      -------------+---------------------------------------------------------
      nsc_~4_4year |      1,934           0           0          0          0
           nsc_deg |      1,934    .0155119     .123609          0          1
      nsc_deg_4y~r |      1,934           0           0          0          0
      nsc_deg_2y~r |      1,934           0           0          0          0
      nsc_deg_lt~r |      1,934           0           0          0          0
      -------------+---------------------------------------------------------
      nsc_~n_4year |      1,934           0           0          0          0
      nsc_~n_2year |      1,934           0           0          0          0
      ns~n_lt2year |      1,934           0           0          0          0
      2015
      
          Variable |        Obs        Mean    Std. dev.       Min        Max
      -------------+---------------------------------------------------------
           nsc_enr |        618     .197411    .3983675          0          1
      nsc_enr_o~me |        618           0           0          0          0
      nsc_enr_4y~r |        618           0           0          0          0
      nsc_enr_2y~r |        618           0           0          0          0
      nsc_enr_lt~r |        618           0           0          0          0
      -------------+---------------------------------------------------------
      nsc_~e_4year |        618           0           0          0          0
      nsc_~e_2year |        618           0           0          0          0
      ns~e_lt2year |        618           0           0          0          0
       nsc_enr_pub |        618    .1763754     .381448          0          1
      nsc_enr_priv |        618    .0242718    .1540166          0          1
      -------------+---------------------------------------------------------
      nsc_en~e_pub |        618           0           0          0          0
      nsc_e~e_priv |        618           0           0          0          0
      nsc_enr_4y~b |        618           0           0          0          0
      nsc_enr_4y~v |        618           0           0          0          0
      nsc_enr_2y~b |        618           0           0          0          0
      -------------+---------------------------------------------------------
      nsc_enr_2y~v |        618           0           0          0          0
      nsc_enr_lt~b |        618           0           0          0          0
      nsc_enr_lt~v |        618           0           0          0          0
      ~e_4year_pub |        618           0           0          0          0
      nsc_enr_on.. |        618           0           0          0          0
      -------------+---------------------------------------------------------
      ~e_2year_pub |        618           0           0          0          0
      nsc_enr_on.. |        618           0           0          0          0
      nsc_enr_on.. |        618           0           0          0          0
      nsc_enr_on.. |        618           0           0          0          0
      nsc_enr_in~e |        618    .1893204    .3920803          0          1
      -------------+---------------------------------------------------------
      nsc_enr_ou~e |        618    .0113269     .105909          0          1
      ns~e_instate |        618           0           0          0          0
      n~e_outstate |        618           0           0          0          0
      nsc_enr_4y.. |        618           0           0          0          0
      nsc_enr_4y.. |        618           0           0          0          0
      -------------+---------------------------------------------------------
      nsc_enr_2y.. |        618           0           0          0          0
      nsc_enr_2y.. |        618           0           0          0          0
      nsc_enr_lt.. |        618           0           0          0          0
      nsc_enr_lt.. |        618           0           0          0          0
      nsc_enr_on.. |        618           0           0          0          0
      -------------+---------------------------------------------------------
      nsc_enr_on.. |        618           0           0          0          0
      nsc_enr_on.. |        618           0           0          0          0
      nsc_enr_on.. |        618           0           0          0          0
      nsc_enr_on.. |        618           0           0          0          0
      nsc_enr_on.. |        618           0           0          0          0
      -------------+---------------------------------------------------------
        nsc_enr_uc |        618           0           0          0          0
      nsc_enr_uc~s |        618           0           0          0          0
      nsc_enr_on~c |        618           0           0          0          0
      nsc_enr_on~s |        618           0           0          0          0
      nsc_persis~2 |        618    .0517799    .2217619          0          1
      -------------+---------------------------------------------------------
      nsc_~2_4year |        618           0           0          0          0
      nsc_pe~2year |        618           0           0          0          0
      nsc_persis~3 |        618    .0080906    .0896558          0          1
      nsc_~3_4year |        618           0           0          0          0
      nsc_persis~4 |        618           0           0          0          0
      -------------+---------------------------------------------------------
      nsc_~4_4year |        618           0           0          0          0
           nsc_deg |        618    .0064725     .080256          0          1
      nsc_deg_4y~r |        618           0           0          0          0
      nsc_deg_2y~r |        618           0           0          0          0
      nsc_deg_lt~r |        618           0           0          0          0
      -------------+---------------------------------------------------------
      nsc_~n_4year |        618           0           0          0          0
      nsc_~n_2year |        618           0           0          0          0
      ns~n_lt2year |        618           0           0          0          0
      2014
      
          Variable |        Obs        Mean    Std. dev.       Min        Max
      -------------+---------------------------------------------------------
           nsc_enr |          0
      nsc_enr_o~me |          0
      nsc_enr_4y~r |          0
      nsc_enr_2y~r |          0
      nsc_enr_lt~r |          0
      -------------+---------------------------------------------------------
      nsc_~e_4year |          0
      nsc_~e_2year |          0
      ns~e_lt2year |          0
       nsc_enr_pub |          0
      nsc_enr_priv |          0
      -------------+---------------------------------------------------------
      nsc_en~e_pub |          0
      nsc_e~e_priv |          0
      nsc_enr_4y~b |          0
      nsc_enr_4y~v |          0
      nsc_enr_2y~b |          0
      -------------+---------------------------------------------------------
      nsc_enr_2y~v |          0
      nsc_enr_lt~b |          0
      nsc_enr_lt~v |          0
      ~e_4year_pub |          0
      nsc_enr_on.. |          0
      -------------+---------------------------------------------------------
      ~e_2year_pub |          0
      nsc_enr_on.. |          0
      nsc_enr_on.. |          0
      nsc_enr_on.. |          0
      nsc_enr_in~e |          0
      -------------+---------------------------------------------------------
      nsc_enr_ou~e |          0
      ns~e_instate |          0
      n~e_outstate |          0
      nsc_enr_4y.. |          0
      nsc_enr_4y.. |          0
      -------------+---------------------------------------------------------
      nsc_enr_2y.. |          0
      nsc_enr_2y.. |          0
      nsc_enr_lt.. |          0
      nsc_enr_lt.. |          0
      nsc_enr_on.. |          0
      -------------+---------------------------------------------------------
      nsc_enr_on.. |          0
      nsc_enr_on.. |          0
      nsc_enr_on.. |          0
      nsc_enr_on.. |          0
      nsc_enr_on.. |          0
      -------------+---------------------------------------------------------
        nsc_enr_uc |          0
      nsc_enr_uc~s |          0
      nsc_enr_on~c |          0
      nsc_enr_on~s |          0
      nsc_persis~2 |          0
      -------------+---------------------------------------------------------
      nsc_~2_4year |          0
      nsc_pe~2year |          0
      nsc_persis~3 |          0
      nsc_~3_4year |          0
      nsc_persis~4 |          0
      -------------+---------------------------------------------------------
      nsc_~4_4year |          0
           nsc_deg |          0
      nsc_deg_4y~r |          0
      nsc_deg_2y~r |          0
      nsc_deg_lt~r |          0
      -------------+---------------------------------------------------------
      nsc_~n_4year |          0
      nsc_~n_2year |          0
      ns~n_lt2year |          0
      2013
      
          Variable |        Obs        Mean    Std. dev.       Min        Max
      -------------+---------------------------------------------------------
           nsc_enr |        193    .1658031     .372871          0          1
      nsc_enr_o~me |        193           0           0          0          0
      nsc_enr_4y~r |        193           0           0          0          0
      nsc_enr_2y~r |        193           0           0          0          0
      nsc_enr_lt~r |        193           0           0          0          0
      -------------+---------------------------------------------------------
      nsc_~e_4year |        193           0           0          0          0
      nsc_~e_2year |        193           0           0          0          0
      ns~e_lt2year |        193           0           0          0          0
       nsc_enr_pub |        193    .1398964    .3477816          0          1
      nsc_enr_priv |        193    .0259067    .1592702          0          1
      -------------+---------------------------------------------------------
      nsc_en~e_pub |        193           0           0          0          0
      nsc_e~e_priv |        193           0           0          0          0
      nsc_enr_4y~b |        193           0           0          0          0
      nsc_enr_4y~v |        193           0           0          0          0
      nsc_enr_2y~b |        193           0           0          0          0
      -------------+---------------------------------------------------------
      nsc_enr_2y~v |        193           0           0          0          0
      nsc_enr_lt~b |        193           0           0          0          0
      nsc_enr_lt~v |        193           0           0          0          0
      ~e_4year_pub |        193           0           0          0          0
      nsc_enr_on.. |        193           0           0          0          0
      -------------+---------------------------------------------------------
      ~e_2year_pub |        193           0           0          0          0
      nsc_enr_on.. |        193           0           0          0          0
      nsc_enr_on.. |        193           0           0          0          0
      nsc_enr_on.. |        193           0           0          0          0
      nsc_enr_in~e |        193    .1606218    .3681367          0          1
      -------------+---------------------------------------------------------
      nsc_enr_ou~e |        193    .0051813    .0719816          0          1
      ns~e_instate |        193           0           0          0          0
      n~e_outstate |        193           0           0          0          0
      nsc_enr_4y.. |        193           0           0          0          0
      nsc_enr_4y.. |        193           0           0          0          0
      -------------+---------------------------------------------------------
      nsc_enr_2y.. |        193           0           0          0          0
      nsc_enr_2y.. |        193           0           0          0          0
      nsc_enr_lt.. |        193           0           0          0          0
      nsc_enr_lt.. |        193           0           0          0          0
      nsc_enr_on.. |        193           0           0          0          0
      -------------+---------------------------------------------------------
      nsc_enr_on.. |        193           0           0          0          0
      nsc_enr_on.. |        193           0           0          0          0
      nsc_enr_on.. |        193           0           0          0          0
      nsc_enr_on.. |        193           0           0          0          0
      nsc_enr_on.. |        193           0           0          0          0
      -------------+---------------------------------------------------------
        nsc_enr_uc |        193    .0103627    .1015319          0          1
      nsc_enr_uc~s |        193    .0103627    .1015319          0          1
      nsc_enr_on~c |        193           0           0          0          0
      nsc_enr_on~s |        193           0           0          0          0
      nsc_persis~2 |        193    .0207254     .142834          0          1
      -------------+---------------------------------------------------------
      nsc_~2_4year |        193           0           0          0          0
      nsc_pe~2year |        193           0           0          0          0
      nsc_persis~3 |        193    .0051813    .0719816          0          1
      nsc_~3_4year |        193           0           0          0          0
      nsc_persis~4 |        193           0           0          0          0
      -------------+---------------------------------------------------------
      nsc_~4_4year |        193           0           0          0          0
           nsc_deg |        193    .0103627    .1015319          0          1
      nsc_deg_4y~r |        193           0           0          0          0
      nsc_deg_2y~r |        193           0           0          0          0
      nsc_deg_lt~r |        193           0           0          0          0
      -------------+---------------------------------------------------------
      nsc_~n_4year |        193           0           0          0          0
      nsc_~n_2year |        193           0           0          0          0
      ns~n_lt2year |        193           0           0          0          0
      2012
      
          Variable |        Obs        Mean    Std. dev.       Min        Max
      -------------+---------------------------------------------------------
           nsc_enr |        105    .2095238    .4089207          0          1
      nsc_enr_o~me |        105           0           0          0          0
      nsc_enr_4y~r |        105           0           0          0          0
      nsc_enr_2y~r |        105           0           0          0          0
      nsc_enr_lt~r |        105           0           0          0          0
      -------------+---------------------------------------------------------
      nsc_~e_4year |        105           0           0          0          0
      nsc_~e_2year |        105           0           0          0          0
      ns~e_lt2year |        105           0           0          0          0
       nsc_enr_pub |        105    .1714286    .3786906          0          1
      nsc_enr_priv |        105     .047619    .2139802          0          1
      -------------+---------------------------------------------------------
      nsc_en~e_pub |        105           0           0          0          0
      nsc_e~e_priv |        105           0           0          0          0
      nsc_enr_4y~b |        105           0           0          0          0
      nsc_enr_4y~v |        105           0           0          0          0
      nsc_enr_2y~b |        105           0           0          0          0
      -------------+---------------------------------------------------------
      nsc_enr_2y~v |        105           0           0          0          0
      nsc_enr_lt~b |        105           0           0          0          0
      nsc_enr_lt~v |        105           0           0          0          0
      ~e_4year_pub |        105           0           0          0          0
      nsc_enr_on.. |        105           0           0          0          0
      -------------+---------------------------------------------------------
      ~e_2year_pub |        105           0           0          0          0
      nsc_enr_on.. |        105           0           0          0          0
      nsc_enr_on.. |        105           0           0          0          0
      nsc_enr_on.. |        105           0           0          0          0
      nsc_enr_in~e |        105          .2    .4019185          0          1
      -------------+---------------------------------------------------------
      nsc_enr_ou~e |        105    .0095238      .09759          0          1
      ns~e_instate |        105           0           0          0          0
      n~e_outstate |        105           0           0          0          0
      nsc_enr_4y.. |        105           0           0          0          0
      nsc_enr_4y.. |        105           0           0          0          0
      -------------+---------------------------------------------------------
      nsc_enr_2y.. |        105           0           0          0          0
      nsc_enr_2y.. |        105           0           0          0          0
      nsc_enr_lt.. |        105           0           0          0          0
      nsc_enr_lt.. |        105           0           0          0          0
      nsc_enr_on.. |        105           0           0          0          0
      -------------+---------------------------------------------------------
      nsc_enr_on.. |        105           0           0          0          0
      nsc_enr_on.. |        105           0           0          0          0
      nsc_enr_on.. |        105           0           0          0          0
      nsc_enr_on.. |        105           0           0          0          0
      nsc_enr_on.. |        105           0           0          0          0
      -------------+---------------------------------------------------------
        nsc_enr_uc |        105           0           0          0          0
      nsc_enr_uc~s |        105           0           0          0          0
      nsc_enr_on~c |        105           0           0          0          0
      nsc_enr_on~s |        105           0           0          0          0
      nsc_persis~2 |        105    .0761905    .2665751          0          1
      -------------+---------------------------------------------------------
      nsc_~2_4year |        105           0           0          0          0
      nsc_pe~2year |        105           0           0          0          0
      nsc_persis~3 |        105           0           0          0          0
      nsc_~3_4year |        105           0           0          0          0
      nsc_persis~4 |        105           0           0          0          0
      -------------+---------------------------------------------------------
      nsc_~4_4year |        105           0           0          0          0
           nsc_deg |        105    .0190476     .137348          0          1
      nsc_deg_4y~r |        105           0           0          0          0
      nsc_deg_2y~r |        105           0           0          0          0
      nsc_deg_lt~r |        105           0           0          0          0
      -------------+---------------------------------------------------------
      nsc_~n_4year |        105           0           0          0          0
      nsc_~n_2year |        105           0           0          0          0
      ns~n_lt2year |        105           0           0          0          0
      2011
      
          Variable |        Obs        Mean    Std. dev.       Min        Max
      -------------+---------------------------------------------------------
           nsc_enr |         75          .2    .4026936          0          1
      nsc_enr_o~me |         75           0           0          0          0
      nsc_enr_4y~r |         75           0           0          0          0
      nsc_enr_2y~r |         75           0           0          0          0
      nsc_enr_lt~r |         75           0           0          0          0
      -------------+---------------------------------------------------------
      nsc_~e_4year |         75           0           0          0          0
      nsc_~e_2year |         75           0           0          0          0
      ns~e_lt2year |         75           0           0          0          0
       nsc_enr_pub |         75    .1733333    .3810843          0          1
      nsc_enr_priv |         75    .0533333    .2262105          0          1
      -------------+---------------------------------------------------------
      nsc_en~e_pub |         75           0           0          0          0
      nsc_e~e_priv |         75           0           0          0          0
      nsc_enr_4y~b |         75           0           0          0          0
      nsc_enr_4y~v |         75           0           0          0          0
      nsc_enr_2y~b |         75           0           0          0          0
      -------------+---------------------------------------------------------
      nsc_enr_2y~v |         75           0           0          0          0
      nsc_enr_lt~b |         75           0           0          0          0
      nsc_enr_lt~v |         75           0           0          0          0
      ~e_4year_pub |         75           0           0          0          0
      nsc_enr_on.. |         75           0           0          0          0
      -------------+---------------------------------------------------------
      ~e_2year_pub |         75           0           0          0          0
      nsc_enr_on.. |         75           0           0          0          0
      nsc_enr_on.. |         75           0           0          0          0
      nsc_enr_on.. |         75           0           0          0          0
      nsc_enr_in~e |         75    .1733333    .3810843          0          1
      -------------+---------------------------------------------------------
      nsc_enr_ou~e |         75         .04    .1972788          0          1
      ns~e_instate |         75           0           0          0          0
      n~e_outstate |         75           0           0          0          0
      nsc_enr_4y.. |         75           0           0          0          0
      nsc_enr_4y.. |         75           0           0          0          0
      -------------+---------------------------------------------------------
      nsc_enr_2y.. |         75           0           0          0          0
      nsc_enr_2y.. |         75           0           0          0          0
      nsc_enr_lt.. |         75           0           0          0          0
      nsc_enr_lt.. |         75           0           0          0          0
      nsc_enr_on.. |         75           0           0          0          0
      -------------+---------------------------------------------------------
      nsc_enr_on.. |         75           0           0          0          0
      nsc_enr_on.. |         75           0           0          0          0
      nsc_enr_on.. |         75           0           0          0          0
      nsc_enr_on.. |         75           0           0          0          0
      nsc_enr_on.. |         75           0           0          0          0
      -------------+---------------------------------------------------------
        nsc_enr_uc |         75           0           0          0          0
      nsc_enr_uc~s |         75           0           0          0          0
      nsc_enr_on~c |         75           0           0          0          0
      nsc_enr_on~s |         75           0           0          0          0
      nsc_persis~2 |         75    .0666667    .2511236          0          1
      -------------+---------------------------------------------------------
      nsc_~2_4year |         75           0           0          0          0
      nsc_pe~2year |         75           0           0          0          0
      nsc_persis~3 |         75           0           0          0          0
      nsc_~3_4year |         75           0           0          0          0
      nsc_persis~4 |         75           0           0          0          0
      -------------+---------------------------------------------------------
      nsc_~4_4year |         75           0           0          0          0
           nsc_deg |         75    .0133333    .1154701          0          1
      nsc_deg_4y~r |         75           0           0          0          0
      nsc_deg_2y~r |         75           0           0          0          0
      nsc_deg_lt~r |         75           0           0          0          0
      -------------+---------------------------------------------------------
      nsc_~n_4year |         75           0           0          0          0
      nsc_~n_2year |         75           0           0          0          0
      ns~n_lt2year |         75           0           0          0          0
      2010
      
          Variable |        Obs        Mean    Std. dev.       Min        Max
      -------------+---------------------------------------------------------
           nsc_enr |         60    .1833333    .3902049          0          1
      nsc_enr_o~me |         60           0           0          0          0
      nsc_enr_4y~r |         60           0           0          0          0
      nsc_enr_2y~r |         60           0           0          0          0
      nsc_enr_lt~r |         60           0           0          0          0
      -------------+---------------------------------------------------------
      nsc_~e_4year |         60           0           0          0          0
      nsc_~e_2year |         60           0           0          0          0
      ns~e_lt2year |         60           0           0          0          0
       nsc_enr_pub |         60    .1666667     .375823          0          1
      nsc_enr_priv |         60    .0333333    .1810203          0          1
      -------------+---------------------------------------------------------
      nsc_en~e_pub |         60           0           0          0          0
      nsc_e~e_priv |         60           0           0          0          0
      nsc_enr_4y~b |         60           0           0          0          0
      nsc_enr_4y~v |         60           0           0          0          0
      nsc_enr_2y~b |         60           0           0          0          0
      -------------+---------------------------------------------------------
      nsc_enr_2y~v |         60           0           0          0          0
      nsc_enr_lt~b |         60           0           0          0          0
      nsc_enr_lt~v |         60           0           0          0          0
      ~e_4year_pub |         60           0           0          0          0
      nsc_enr_on.. |         60           0           0          0          0
      -------------+---------------------------------------------------------
      ~e_2year_pub |         60           0           0          0          0
      nsc_enr_on.. |         60           0           0          0          0
      nsc_enr_on.. |         60           0           0          0          0
      nsc_enr_on.. |         60           0           0          0          0
      nsc_enr_in~e |         60    .1333333    .3428033          0          1
      -------------+---------------------------------------------------------
      nsc_enr_ou~e |         60         .05    .2197842          0          1
      ns~e_instate |         60           0           0          0          0
      n~e_outstate |         60           0           0          0          0
      nsc_enr_4y.. |         60           0           0          0          0
      nsc_enr_4y.. |         60           0           0          0          0
      -------------+---------------------------------------------------------
      nsc_enr_2y.. |         60           0           0          0          0
      nsc_enr_2y.. |         60           0           0          0          0
      nsc_enr_lt.. |         60           0           0          0          0
      nsc_enr_lt.. |         60           0           0          0          0
      nsc_enr_on.. |         60           0           0          0          0
      -------------+---------------------------------------------------------
      nsc_enr_on.. |         60           0           0          0          0
      nsc_enr_on.. |         60           0           0          0          0
      nsc_enr_on.. |         60           0           0          0          0
      nsc_enr_on.. |         60           0           0          0          0
      nsc_enr_on.. |         60           0           0          0          0
      -------------+---------------------------------------------------------
        nsc_enr_uc |         60    .0166667    .1290994          0          1
      nsc_enr_uc~s |         60    .0166667    .1290994          0          1
      nsc_enr_on~c |         60           0           0          0          0
      nsc_enr_on~s |         60           0           0          0          0
      nsc_persis~2 |         60    .1166667    .3237318          0          1
      -------------+---------------------------------------------------------
      nsc_~2_4year |         60           0           0          0          0
      nsc_pe~2year |         60           0           0          0          0
      nsc_persis~3 |         60           0           0          0          0
      nsc_~3_4year |         60           0           0          0          0
      nsc_persis~4 |         60           0           0          0          0
      -------------+---------------------------------------------------------
      nsc_~4_4year |         60           0           0          0          0
           nsc_deg |         60    .0166667    .1290994          0          1
      nsc_deg_4y~r |         60           0           0          0          0
      nsc_deg_2y~r |         60           0           0          0          0
      nsc_deg_lt~r |         60           0           0          0          0
      -------------+---------------------------------------------------------
      nsc_~n_4year |         60           0           0          0          0
      nsc_~n_2year |         60           0           0          0          0
      ns~n_lt2year |         60           0           0          0          0
      (file
          /home/research/ca_ed_lab/chesun/gsr/caschls/out/txt/outcomesumstats/nsc201
          > 9new/nsc_2019_final_sumstats_matching_convschl.txt not found)
