                                                       ___  ____  ____  ____  ____(R)
                                                      /__    /   ____/   /   ____/   
                                                     ___/   /   /___/   /   /___/    
                                                       Statistics/Data analysis      
      
      2018
      
          Variable |        Obs        Mean    Std. dev.       Min        Max
      -------------+---------------------------------------------------------
           nsc_enr |    409,247    .6943508    .4606824          0          1
      nsc_enr_o~me |    409,247    .6635357    .4725004          0          1
      nsc_enr_4y~r |    409,247           0           0          0          0
      nsc_enr_2y~r |    409,247           0           0          0          0
      nsc_enr_lt~r |    409,247           0           0          0          0
      -------------+---------------------------------------------------------
      nsc_~e_4year |    409,247           0           0          0          0
      nsc_~e_2year |    409,247           0           0          0          0
      ns~e_lt2year |    409,247           0           0          0          0
       nsc_enr_pub |    409,247     .643775    .4788834          0          1
      nsc_enr_priv |    409,247    .0734789    .2609212          0          1
      -------------+---------------------------------------------------------
      nsc_en~e_pub |    409,247    .6054021    .4887647          0          1
      nsc_e~e_priv |    409,247     .062527    .2421106          0          1
      nsc_enr_4y~b |    409,247           0           0          0          0
      nsc_enr_4y~v |    409,247           0           0          0          0
      nsc_enr_2y~b |    409,247           0           0          0          0
      -------------+---------------------------------------------------------
      nsc_enr_2y~v |    409,247           0           0          0          0
      nsc_enr_lt~b |    409,247           0           0          0          0
      nsc_enr_lt~v |    409,247           0           0          0          0
      ~e_4year_pub |    409,247           0           0          0          0
      nsc_enr_on.. |    409,247           0           0          0          0
      -------------+---------------------------------------------------------
      ~e_2year_pub |    409,247           0           0          0          0
      nsc_enr_on.. |    409,247           0           0          0          0
      nsc_enr_on.. |    409,247           0           0          0          0
      nsc_enr_on.. |    409,247           0           0          0          0
      nsc_enr_in~e |    409,247    .6320584    .4822459          0          1
      -------------+---------------------------------------------------------
      nsc_enr_ou~e |    409,247    .0820702     .274472          0          1
      ns~e_instate |    409,247    .5957283    .4907511          0          1
      n~e_outstate |    409,247     .072047     .258566          0          1
      nsc_enr_4y.. |    409,247           0           0          0          0
      nsc_enr_4y.. |    409,247           0           0          0          0
      -------------+---------------------------------------------------------
      nsc_enr_2y.. |    409,247           0           0          0          0
      nsc_enr_2y.. |    409,247           0           0          0          0
      nsc_enr_lt.. |    409,247           0           0          0          0
      nsc_enr_lt.. |    409,247           0           0          0          0
      nsc_enr_on.. |    409,247           0           0          0          0
      -------------+---------------------------------------------------------
      nsc_enr_on.. |    409,247           0           0          0          0
      nsc_enr_on.. |    409,247           0           0          0          0
      nsc_enr_on.. |    409,247           0           0          0          0
      nsc_enr_on.. |    409,247           0           0          0          0
      nsc_enr_on.. |    409,247           0           0          0          0
      -------------+---------------------------------------------------------
        nsc_enr_uc |    409,247    .0800275     .271336          0          1
      nsc_enr_uc~s |    409,247    .0840617    .2774807          0          1
      nsc_enr_on~c |    409,247    .0763402     .265542          0          1
      nsc_enr_on~s |    409,247    .0794655    .2704642          0          1
      nsc_persis~2 |    409,247    .4859632    .4998035          0          1
      -------------+---------------------------------------------------------
      nsc_~2_4year |    409,247           0           0          0          0
      nsc_pe~2year |    409,247           0           0          0          0
      nsc_persis~3 |    409,247    .0124937    .1110748          0          1
      nsc_~3_4year |    409,247           0           0          0          0
      nsc_persis~4 |    409,247    4.89e-06    .0022107          0          1
      -------------+---------------------------------------------------------
      nsc_~4_4year |    409,247           0           0          0          0
           nsc_deg |    409,247    .0248334    .1556174          0          1
      nsc_deg_4y~r |    409,247           0           0          0          0
      nsc_deg_2y~r |    409,247           0           0          0          0
      nsc_deg_lt~r |    409,247           0           0          0          0
      -------------+---------------------------------------------------------
      nsc_~n_4year |    409,247           0           0          0          0
      nsc_~n_2year |    409,247           0           0          0          0
      ns~n_lt2year |    409,247           0           0          0          0
