                                                       ___  ____  ____  ____  ____(R)
                                                      /__    /   ____/   /   ____/   
                                                     ___/   /   /___/   /   /___/    
                                                       Statistics/Data analysis      
      
      2018
      
          Variable |        Obs        Mean    Std. dev.       Min        Max
      -------------+---------------------------------------------------------
           nsc_enr |    419,925     .648361    .4774825          0          1
      nsc_enr_o~me |    419,925    .6212467    .4850771          0          1
      nsc_enr_4y~r |    419,925           0           0          0          0
      nsc_enr_2y~r |    419,925           0           0          0          0
      nsc_enr_lt~r |    419,925           0           0          0          0
      -------------+---------------------------------------------------------
      nsc_~e_4year |    419,925           0           0          0          0
      nsc_~e_2year |    419,925           0           0          0          0
      ns~e_lt2year |    419,925           0           0          0          0
       nsc_enr_pub |    419,925    .6011597    .4896604          0          1
      nsc_enr_priv |    419,925    .0687718     .253066          0          1
      -------------+---------------------------------------------------------
      nsc_en~e_pub |    419,925    .5663749    .4955754          0          1
      nsc_e~e_priv |    419,925     .058982    .2355912          0          1
      nsc_enr_4y~b |    419,925           0           0          0          0
      nsc_enr_4y~v |    419,925           0           0          0          0
      nsc_enr_2y~b |    419,925           0           0          0          0
      -------------+---------------------------------------------------------
      nsc_enr_2y~v |    419,925           0           0          0          0
      nsc_enr_lt~b |    419,925           0           0          0          0
      nsc_enr_lt~v |    419,925           0           0          0          0
      ~e_4year_pub |    419,925           0           0          0          0
      nsc_enr_on.. |    419,925           0           0          0          0
      -------------+---------------------------------------------------------
      ~e_2year_pub |    419,925           0           0          0          0
      nsc_enr_on.. |    419,925           0           0          0          0
      nsc_enr_on.. |    419,925           0           0          0          0
      nsc_enr_on.. |    419,925           0           0          0          0
      nsc_enr_in~e |    419,925    .5896482    .4918981          0          1
      -------------+---------------------------------------------------------
      nsc_enr_ou~e |    419,925    .0775329    .2674354          0          1
      ns~e_instate |    419,925    .5569614    .4967454          0          1
      n~e_outstate |    419,925    .0683051     .252269          0          1
      nsc_enr_4y.. |    419,925           0           0          0          0
      nsc_enr_4y.. |    419,925           0           0          0          0
      -------------+---------------------------------------------------------
      nsc_enr_2y.. |    419,925           0           0          0          0
      nsc_enr_2y.. |    419,925           0           0          0          0
      nsc_enr_lt.. |    419,925           0           0          0          0
      nsc_enr_lt.. |    419,925           0           0          0          0
      nsc_enr_on.. |    419,925           0           0          0          0
      -------------+---------------------------------------------------------
      nsc_enr_on.. |    419,925           0           0          0          0
      nsc_enr_on.. |    419,925           0           0          0          0
      nsc_enr_on.. |    419,925           0           0          0          0
      nsc_enr_on.. |    419,925           0           0          0          0
      nsc_enr_on.. |    419,925           0           0          0          0
      -------------+---------------------------------------------------------
        nsc_enr_uc |    419,925    .0763517    .2655604          0          1
      nsc_enr_uc~s |    419,925    .0802238    .2716398          0          1
      nsc_enr_on~c |    419,925    .0728821    .2599431          0          1
      nsc_enr_on~s |    419,925    .0758778    .2648029          0          1
      nsc_persis~2 |    419,925    .4605561    .4984423          0          1
      -------------+---------------------------------------------------------
      nsc_~2_4year |    419,925           0           0          0          0
      nsc_pe~2year |    419,925           0           0          0          0
      nsc_persis~3 |    419,925    .0117545    .1077791          0          1
      nsc_~3_4year |    419,925           0           0          0          0
      nsc_persis~4 |    419,925    4.76e-06    .0021824          0          1
      -------------+---------------------------------------------------------
      nsc_~4_4year |    419,925           0           0          0          0
           nsc_deg |    419,925    .0232661    .1507475          0          1
      nsc_deg_4y~r |    419,925           0           0          0          0
      nsc_deg_2y~r |    419,925           0           0          0          0
      nsc_deg_lt~r |    419,925           0           0          0          0
      -------------+---------------------------------------------------------
      nsc_~n_4year |    419,925           0           0          0          0
      nsc_~n_2year |    419,925           0           0          0          0
      ns~n_lt2year |    419,925           0           0          0          0
