                                                       ___  ____  ____  ____  ____(R)
                                                      /__    /   ____/   /   ____/   
                                                     ___/   /   /___/   /   /___/    
                                                       Statistics/Data analysis      
      
      2018
      
          Variable |        Obs        Mean    Std. dev.       Min        Max
      -------------+---------------------------------------------------------
           nsc_enr |    381,348    .7392067    .4390679          0          1
      nsc_enr_o~me |    381,348    .7112113    .4532001          0          1
      nsc_enr_4y~r |    381,348           0           0          0          0
      nsc_enr_2y~r |    381,348           0           0          0          0
      nsc_enr_lt~r |    381,348           0           0          0          0
      -------------+---------------------------------------------------------
      nsc_~e_4year |    381,348           0           0          0          0
      nsc_~e_2year |    381,348           0           0          0          0
      ns~e_lt2year |    381,348           0           0          0          0
       nsc_enr_pub |    381,348    .6846738    .4646463          0          1
      nsc_enr_priv |    381,348    .0750312     .263442          0          1
      -------------+---------------------------------------------------------
      nsc_en~e_pub |    381,348    .6498526    .4770165          0          1
      nsc_e~e_priv |    381,348    .0659739    .2482367          0          1
      nsc_enr_4y~b |    381,348           0           0          0          0
      nsc_enr_4y~v |    381,348           0           0          0          0
      nsc_enr_2y~b |    381,348           0           0          0          0
      -------------+---------------------------------------------------------
      nsc_enr_2y~v |    381,348           0           0          0          0
      nsc_enr_lt~b |    381,348           0           0          0          0
      nsc_enr_lt~v |    381,348           0           0          0          0
      ~e_4year_pub |    381,348           0           0          0          0
      nsc_enr_on.. |    381,348           0           0          0          0
      -------------+---------------------------------------------------------
      ~e_2year_pub |    381,348           0           0          0          0
      nsc_enr_on.. |    381,348           0           0          0          0
      nsc_enr_on.. |    381,348           0           0          0          0
      nsc_enr_on.. |    381,348           0           0          0          0
      nsc_enr_in~e |    381,348    .6726559    .4692446          0          1
      -------------+---------------------------------------------------------
      nsc_enr_ou~e |    381,348    .0850588    .2789695          0          1
      ns~e_instate |    381,348    .6393242    .4801972          0          1
      n~e_outstate |    381,348    .0763345    .2655329          0          1
      nsc_enr_4y.. |    381,348           0           0          0          0
      nsc_enr_4y.. |    381,348           0           0          0          0
      -------------+---------------------------------------------------------
      nsc_enr_2y.. |    381,348           0           0          0          0
      nsc_enr_2y.. |    381,348           0           0          0          0
      nsc_enr_lt.. |    381,348           0           0          0          0
      nsc_enr_lt.. |    381,348           0           0          0          0
      nsc_enr_on.. |    381,348           0           0          0          0
      -------------+---------------------------------------------------------
      nsc_enr_on.. |    381,348           0           0          0          0
      nsc_enr_on.. |    381,348           0           0          0          0
      nsc_enr_on.. |    381,348           0           0          0          0
      nsc_enr_on.. |    381,348           0           0          0          0
      nsc_enr_on.. |    381,348           0           0          0          0
      -------------+---------------------------------------------------------
        nsc_enr_uc |    381,348    .0833727    .2764451          0          1
      nsc_enr_uc~s |    381,348    .0876706    .2828156          0          1
      nsc_enr_on~c |    381,348    .0816315    .2738028          0          1
      nsc_enr_on~s |    381,348    .0849591    .2788213          0          1
      nsc_persis~2 |    381,348    .5198611     .499606          0          1
      -------------+---------------------------------------------------------
      nsc_~2_4year |    381,348           0           0          0          0
      nsc_pe~2year |    381,348           0           0          0          0
      nsc_persis~3 |    381,348    .0000341    .0058385          0          1
      nsc_~3_4year |    381,348           0           0          0          0
      nsc_persis~4 |    381,348    2.62e-06    .0016193          0          1
      -------------+---------------------------------------------------------
      nsc_~4_4year |    381,348           0           0          0          0
           nsc_deg |    381,348    .0063538     .079457          0          1
      nsc_deg_4y~r |    381,348           0           0          0          0
      nsc_deg_2y~r |    381,348           0           0          0          0
      nsc_deg_lt~r |    381,348           0           0          0          0
      -------------+---------------------------------------------------------
      nsc_~n_4year |    381,348           0           0          0          0
      nsc_~n_2year |    381,348           0           0          0          0
      ns~n_lt2year |    381,348           0           0          0          0
